Arch=FF
num_layers=3
sizeof_layers=355
batch_norm=True
Ext=-c
kl_anneal=0.11848844749938811
rho_q=4.926787234633183
rho_op=5.0826476807938095
prior_scale=2.2392809593989282
sizeof_bnn=15
Batch_Size=91
Epochs=292
Gamma=0
country=us
early_stopping=False
smooth=True
