Arch=FF
num_layers=1
sizeof_layers=362
batch_norm=True
Ext=-c
kl_anneal=3.305498085528001
rho_q=5.004461932439525
rho_op=7.597848062756258
prior_scale=0.20960076734139027
sizeof_bnn=3
Batch_Size=112
Epochs=295
Gamma=0
country=us
early_stopping=False
smooth=True
