Arch=FF
num_layers=1
sizeof_layers=137
batch_norm=True
Ext=-c
kl_anneal=5.0
rho_q=8.415076088467405
rho_op=2.636058447552544
prior_scale=9.425749176966784
sizeof_bnn=13
Batch_Size=36
Epochs=193
Gamma=14
country=us
early_stopping=False
smooth=True
