Arch=FF
num_layers=3
sizeof_layers=245
batch_norm=True
Ext=-c
kl_anneal=0.9260362645522965
rho_q=6.943560037928472
rho_op=1.514651160434465
prior_scale=5.203438012071627
sizeof_bnn=18
Batch_Size=47
Epochs=209
Gamma=0
country=us
early_stopping=False
smooth=True
