Arch=FF
num_layers=3
sizeof_layers=94
batch_norm=True
Ext=-c
kl_anneal=4.362183284136367
rho_q=1.0839807614902117
rho_op=6.780372679964104
prior_scale=4.164879884033812
sizeof_bnn=2
Batch_Size=117
Epochs=81
Gamma=0
country=us
early_stopping=False
smooth=True
