Arch=FF
num_layers=3
sizeof_layers=364
batch_norm=True
Ext=-c
kl_anneal=3.9961364559961816
rho_q=3.439429313132496
rho_op=6.514653781975963
prior_scale=5.37090674644505
sizeof_bnn=10
Batch_Size=104
Epochs=273
Gamma=0
country=us
early_stopping=False
smooth=True
