Arch=FF
num_layers=3
sizeof_layers=270
batch_norm=True
Ext=-c
kl_anneal=0.38522535257262513
rho_q=2.5585860322526592
rho_op=8.82156239538614
prior_scale=1.1720342992068318
sizeof_bnn=36
Batch_Size=76
Epochs=300
Gamma=14
country=us
early_stopping=False
smooth=True
