Arch=FF
num_layers=1
sizeof_layers=210
batch_norm=True
Ext=-c
kl_anneal=4.538586003918616
rho_q=0.4699383905714989
rho_op=2.949762164140985
prior_scale=9.234977837966142
sizeof_bnn=19
Batch_Size=88
Epochs=101
Gamma=0
country=us
early_stopping=False
smooth=True
