Arch=FF
num_layers=3
sizeof_layers=364
batch_norm=True
Ext=-c
kl_anneal=1.5565336832526664
rho_q=4.17615971518274
rho_op=0.5064107366861413
prior_scale=9.031536845431598
sizeof_bnn=14
Batch_Size=110
Epochs=292
Gamma=0
country=us
early_stopping=False
smooth=True
