Arch=FF
num_layers=2
sizeof_layers=67
batch_norm=True
Ext=-c
kl_anneal=0.7139682335436498
rho_q=2.4427125970635206
rho_op=5.021019535375816
prior_scale=1.416278454290657
sizeof_bnn=8
Batch_Size=82
Epochs=138
Gamma=0
country=us
early_stopping=False
smooth=True
