Arch=FF
num_layers=3
sizeof_layers=259
batch_norm=True
Ext=-c
kl_anneal=3.6518050531094572
rho_q=4.321107167042564
rho_op=2.1557813452786125
prior_scale=8.19623379840382
sizeof_bnn=10
Batch_Size=48
Epochs=216
Gamma=0
country=us
early_stopping=False
smooth=True
