Arch=FF
num_layers=3
sizeof_layers=307
batch_norm=True
Ext=-c
kl_anneal=1.6011893638133468
rho_q=7.767237759529423
rho_op=7.4253949882366035
prior_scale=5.604419776858416
sizeof_bnn=12
Batch_Size=71
Epochs=231
Gamma=0
country=us
early_stopping=False
smooth=True
