Arch=FF
num_layers=2
sizeof_layers=328
batch_norm=True
Ext=-c
kl_anneal=1.4683056378053057
rho_q=8.619677194238262
rho_op=3.8381897908597575
prior_scale=8.200198065299322
sizeof_bnn=64
Batch_Size=76
Epochs=141
Gamma=0
country=us
early_stopping=False
smooth=True
