Arch=FF
num_layers=1
sizeof_layers=320
batch_norm=True
Ext=-c
kl_anneal=0.7316654041649376
rho_q=4.12693796754441
rho_op=0.34718831695972213
prior_scale=0.016996183369623084
sizeof_bnn=104
Batch_Size=113
Epochs=500
Gamma=0
country=us
early_stopping=False
smooth=True
