Arch=FF
num_layers=3
sizeof_layers=269
batch_norm=True
Ext=-c
kl_anneal=0.4303768684399495
rho_q=4.060430943185025
rho_op=3.4252019044172752
prior_scale=1.7212194395792624
sizeof_bnn=91
Batch_Size=49
Epochs=105
Gamma=14
country=us
early_stopping=False
smooth=True
