Arch=FF
num_layers=3
sizeof_layers=234
batch_norm=True
Ext=-c
kl_anneal=1.7766044820554403
rho_q=1.2411148981005709
rho_op=4.5773160177757095
prior_scale=1.4981384193604503
sizeof_bnn=8
Batch_Size=31
Epochs=76
Gamma=0
country=us
early_stopping=False
smooth=True
