Arch=FF
num_layers=3
sizeof_layers=326
batch_norm=True
Ext=-c
kl_anneal=0.9577534256346424
rho_q=5.108621276626412
rho_op=9.463801100772217
prior_scale=2.914070634760279
sizeof_bnn=3
Batch_Size=78
Epochs=379
Gamma=0
country=us
early_stopping=False
smooth=True
