Arch=FF
num_layers=2
sizeof_layers=246
batch_norm=True
Ext=-c
kl_anneal=4.934261359119084
rho_q=1.6033100002498908
rho_op=5.210228514315115
prior_scale=7.11201344352273
sizeof_bnn=18
Batch_Size=38
Epochs=108
Gamma=0
country=us
early_stopping=False
smooth=True
