Arch=FF
num_layers=2
sizeof_layers=317
batch_norm=True
Ext=-c
kl_anneal=2.751782071585639
rho_q=6.108719011715973
rho_op=6.956542545960913
prior_scale=2.61823448723657
sizeof_bnn=7
Batch_Size=82
Epochs=240
Gamma=0
country=us
early_stopping=False
smooth=True
