Arch=FF
num_layers=3
sizeof_layers=255
batch_norm=True
Ext=-c
kl_anneal=2.058415872668987
rho_q=4.083899634467377
rho_op=4.063445720801272
prior_scale=8.682038242452153
sizeof_bnn=25
Batch_Size=28
Epochs=88
Gamma=0
country=us
early_stopping=False
smooth=True
