Arch=FF
num_layers=3
sizeof_layers=351
batch_norm=True
Ext=-c
kl_anneal=1.1348302407933377
rho_q=6.0458448488624255
rho_op=3.1411693256414366
prior_scale=2.5519104732727698
sizeof_bnn=16
Batch_Size=113
Epochs=303
Gamma=0
country=us
early_stopping=False
smooth=True
