Arch=FF
num_layers=2
sizeof_layers=79
batch_norm=True
Ext=-c
kl_anneal=1.6706462195858296
rho_q=9.344978484369786
rho_op=4.021440145241043
prior_scale=8.613877546986078
sizeof_bnn=6
Batch_Size=119
Epochs=98
Gamma=0
country=us
early_stopping=False
smooth=True
