Arch=FF
num_layers=1
sizeof_layers=243
batch_norm=True
Ext=-c
kl_anneal=1.2268591817507408
rho_q=5.679905402612145
rho_op=0.9822711876693514
prior_scale=5.5578446266876105
sizeof_bnn=10
Batch_Size=17
Epochs=113
Gamma=0
country=us
early_stopping=False
smooth=True
