Arch=FF
num_layers=4
sizeof_layers=312
batch_norm=True
Ext=-c
kl_anneal=4.063306007672905
rho_q=7.450237430441622
rho_op=10.0
prior_scale=6.355032275544081
sizeof_bnn=17
Batch_Size=82
Epochs=495
Gamma=0
country=us
early_stopping=False
smooth=True
