Arch=FF
num_layers=2
sizeof_layers=73
batch_norm=True
Ext=-c
kl_anneal=3.5869067723446415
rho_q=7.517678099385415
rho_op=1.718211980091023
prior_scale=2.291185886178819
sizeof_bnn=4
Batch_Size=107
Epochs=105
Gamma=0
country=us
early_stopping=False
smooth=True
