Arch=FF
num_layers=1
sizeof_layers=310
batch_norm=True
Ext=-c
kl_anneal=0.3750694465516028
rho_q=4.372286760276781
rho_op=1.6299532692798282
prior_scale=8.48445885619691
sizeof_bnn=8
Batch_Size=59
Epochs=246
Gamma=0
country=us
early_stopping=False
smooth=True
