Arch=FF
num_layers=2
sizeof_layers=151
batch_norm=True
Ext=-c
kl_anneal=3.501510194892414
rho_q=7.703088890564056
rho_op=0.4282265088765969
prior_scale=4.35886540227386
sizeof_bnn=7
Batch_Size=32
Epochs=171
Gamma=0
country=us
early_stopping=False
smooth=True
