Arch=FF
num_layers=1
sizeof_layers=298
batch_norm=True
Ext=-c
kl_anneal=1.5118512168127585
rho_q=5.822984713253407
rho_op=3.0871817968254733
prior_scale=6.663351017166029
sizeof_bnn=6
Batch_Size=69
Epochs=228
Gamma=0
country=us
early_stopping=False
smooth=True
