Arch=FF
num_layers=1
sizeof_layers=305
batch_norm=True
Ext=-c
kl_anneal=1.970210747936706
rho_q=7.41127907157538
rho_op=8.12711427186281
prior_scale=6.13507628424512
sizeof_bnn=5
Batch_Size=90
Epochs=296
Gamma=0
country=us
early_stopping=False
smooth=True
