Arch=FF
num_layers=2
sizeof_layers=300
batch_norm=True
Ext=-c
kl_anneal=4.6433567870765105
rho_q=6.523017301769528
rho_op=6.144646233558748
prior_scale=3.5948590922266663
sizeof_bnn=11
Batch_Size=77
Epochs=222
Gamma=0
country=us
early_stopping=False
smooth=True
