Arch=FF
num_layers=3
sizeof_layers=460
batch_norm=True
Ext=-c
kl_anneal=0.34211189294070976
rho_q=2.1409709117136444
rho_op=1.0813394621235426
prior_scale=5.55176106971224
sizeof_bnn=103
Batch_Size=70
Epochs=169
Gamma=0
country=us
early_stopping=False
smooth=True
