Arch=FF
num_layers=3
sizeof_layers=352
batch_norm=True
Ext=-c
kl_anneal=3.917765914551671
rho_q=2.5195803084001076
rho_op=8.720395882103706
prior_scale=7.550427657582548
sizeof_bnn=121
Batch_Size=60
Epochs=116
Gamma=14
country=us
early_stopping=False
smooth=True
