Arch=FF
num_layers=1
sizeof_layers=207
batch_norm=True
Ext=-c
kl_anneal=1.9405371891040493
rho_q=7.016421333010277
rho_op=4.079470022063193
prior_scale=0.6762135373580589
sizeof_bnn=13
Batch_Size=29
Epochs=112
Gamma=0
country=us
early_stopping=False
smooth=True
