Arch=FF
num_layers=3
sizeof_layers=93
batch_norm=True
Ext=-c
kl_anneal=4.460969196204458
rho_q=2.571102443940802
rho_op=8.23688710530901
prior_scale=9.390228543161484
sizeof_bnn=17
Batch_Size=113
Epochs=123
Gamma=0
country=us
early_stopping=False
smooth=True
