Arch=FF
num_layers=1
sizeof_layers=65
batch_norm=True
Ext=-c
kl_anneal=3.6493228460514047
rho_q=1.7511060970036214
rho_op=2.0068041031714823
prior_scale=9.769461361731054
sizeof_bnn=8
Batch_Size=122
Epochs=112
Gamma=0
country=us
early_stopping=False
smooth=True
