Arch=FF
num_layers=3
sizeof_layers=369
batch_norm=True
Ext=-c
kl_anneal=3.857061652541879
rho_q=2.6083005841102582
rho_op=2.5947918183680625
prior_scale=3.5534879900424867
sizeof_bnn=10
Batch_Size=99
Epochs=290
Gamma=0
country=us
early_stopping=False
smooth=True
