Arch=FF
num_layers=3
sizeof_layers=269
batch_norm=True
Ext=-c
kl_anneal=2.890377414929708
rho_q=2.4795537556087983
rho_op=8.161309865880256
prior_scale=9.735244898167407
sizeof_bnn=7
Batch_Size=124
Epochs=325
Gamma=0
country=us
early_stopping=False
smooth=True
