Arch=FF
num_layers=3
sizeof_layers=222
batch_norm=True
Ext=-c
kl_anneal=2.1969549191716675
rho_q=2.5069432024951848
rho_op=7.561697357915491
prior_scale=4.871160791717726
sizeof_bnn=23
Batch_Size=17
Epochs=86
Gamma=0
country=us
early_stopping=False
smooth=True
