Arch=FF
num_layers=1
sizeof_layers=24
batch_norm=True
Ext=-c
kl_anneal=0.5615836797934641
rho_q=7.099600473097586
rho_op=4.526544996798377
prior_scale=1.7291799071736265
sizeof_bnn=6
Batch_Size=11
Epochs=402
Gamma=14
country=us
early_stopping=False
smooth=True
