Arch=FF
num_layers=3
sizeof_layers=27
batch_norm=True
Ext=-c
kl_anneal=2.934504374400459
rho_q=7.12249812498506
rho_op=0.10034492060276048
prior_scale=4.337683593776494
sizeof_bnn=55
Batch_Size=95
Epochs=71
Gamma=0
country=us
early_stopping=False
smooth=True
