Arch=FF
num_layers=3
sizeof_layers=305
batch_norm=True
Ext=-c
kl_anneal=2.534195734964472
rho_q=4.937254594429169
rho_op=3.521353011921701
prior_scale=3.0187635831646045
sizeof_bnn=32
Batch_Size=74
Epochs=303
Gamma=0
country=us
early_stopping=False
smooth=True
