Arch=FF
num_layers=1
sizeof_layers=312
batch_norm=True
Ext=-c
kl_anneal=0.27395143540014
rho_q=3.8696784245820073
rho_op=8.073554698665038
prior_scale=8.11087706013188
sizeof_bnn=5
Batch_Size=74
Epochs=225
Gamma=0
country=us
early_stopping=False
smooth=True
