Arch=FF
num_layers=3
sizeof_layers=135
batch_norm=True
Ext=-c
kl_anneal=0.6032113697884943
rho_q=6.662515097304039
rho_op=6.869540737426879
prior_scale=3.541710326316923
sizeof_bnn=107
Batch_Size=43
Epochs=219
Gamma=0
country=us
early_stopping=False
smooth=True
