Arch=FF
num_layers=3
sizeof_layers=407
batch_norm=True
Ext=-c
kl_anneal=4.936624059772177
rho_q=8.852449935895313
rho_op=8.251070261772488
prior_scale=3.46832872941671
sizeof_bnn=37
Batch_Size=21
Epochs=465
Gamma=14
country=us
early_stopping=False
smooth=True
