Arch=FF
num_layers=3
sizeof_layers=316
batch_norm=True
Ext=-c
kl_anneal=0.1617816016118482
rho_q=3.2564219639214587
rho_op=5.035323356082848
prior_scale=7.19802694143542
sizeof_bnn=2
Batch_Size=72
Epochs=282
Gamma=0
country=us
early_stopping=False
smooth=True
