Arch=FF
num_layers=1
sizeof_layers=322
batch_norm=True
Ext=-c
kl_anneal=1.4590741991365792
rho_q=7.967596117308933
rho_op=7.439581977185984
prior_scale=4.743990159914289
sizeof_bnn=9
Batch_Size=62
Epochs=234
Gamma=0
country=us
early_stopping=False
smooth=True
