Arch=FF
num_layers=2
sizeof_layers=72
batch_norm=True
Ext=-c
kl_anneal=4.149669424805213
rho_q=3.9818879736529738
rho_op=9.094003831099245
prior_scale=8.687287047106247
sizeof_bnn=11
Batch_Size=116
Epochs=115
Gamma=0
country=us
early_stopping=False
smooth=True
