Arch=FF
num_layers=1
sizeof_layers=354
batch_norm=True
Ext=-c
kl_anneal=3.898937532667067
rho_q=8.414659617604785
rho_op=5.324661836353042
prior_scale=0.5658551741021316
sizeof_bnn=26
Batch_Size=68
Epochs=69
Gamma=0
country=us
early_stopping=False
smooth=True
