Arch=FF
num_layers=1
sizeof_layers=229
batch_norm=True
Ext=-c
kl_anneal=4.399407806648584
rho_q=1.559854887142037
rho_op=9.715313349955242
prior_scale=6.935697009967557
sizeof_bnn=13
Batch_Size=29
Epochs=90
Gamma=0
country=us
early_stopping=False
smooth=True
