Arch=FF
num_layers=2
sizeof_layers=231
batch_norm=True
Ext=-c
kl_anneal=4.08270578363627
rho_q=0.9865834297949545
rho_op=5.314165508576978
prior_scale=7.05598136205707
sizeof_bnn=19
Batch_Size=68
Epochs=212
Gamma=0
country=us
early_stopping=False
smooth=True
