Arch=FF
num_layers=1
sizeof_layers=232
batch_norm=True
Ext=-c
kl_anneal=2.9960285929905397
rho_q=2.279358883656341
rho_op=6.39699704287282
prior_scale=2.619513602519773
sizeof_bnn=13
Batch_Size=15
Epochs=118
Gamma=0
country=us
early_stopping=False
smooth=True
