Arch=FF
num_layers=2
sizeof_layers=375
batch_norm=True
Ext=-c
kl_anneal=1.7829306316866256
rho_q=2.7647553639642366
rho_op=2.0673645388250783
prior_scale=1.4196719526749857
sizeof_bnn=2
Batch_Size=126
Epochs=312
Gamma=0
country=us
early_stopping=False
smooth=True
