Arch=FF
num_layers=2
sizeof_layers=220
batch_norm=True
Ext=-c
kl_anneal=3.931174704225894
rho_q=7.567066568477261
rho_op=0.30626765388852
prior_scale=7.148359992426628
sizeof_bnn=11
Batch_Size=36
Epochs=115
Gamma=0
country=us
early_stopping=False
smooth=True
