Arch=FF
num_layers=1
sizeof_layers=245
batch_norm=True
Ext=-c
kl_anneal=2.3406733127942356
rho_q=9.70690814082118
rho_op=1.4129680512003941
prior_scale=0.7921961416012596
sizeof_bnn=6
Batch_Size=31
Epochs=96
Gamma=0
country=us
early_stopping=False
smooth=True
