Arch=FF
num_layers=3
sizeof_layers=90
batch_norm=True
Ext=-c
kl_anneal=3.2263462069204567
rho_q=7.385519185560667
rho_op=5.182550287589283
prior_scale=7.641974918095006
sizeof_bnn=2
Batch_Size=87
Epochs=130
Gamma=0
country=us
early_stopping=False
smooth=True
