Arch=FF
num_layers=2
sizeof_layers=155
batch_norm=True
Ext=-c
kl_anneal=4.015044870033717
rho_q=3.347842027960939
rho_op=8.823584464443433
prior_scale=2.603571742310015
sizeof_bnn=9
Batch_Size=40
Epochs=191
Gamma=14
country=us
early_stopping=False
smooth=True
