Arch=FF
num_layers=1
sizeof_layers=209
batch_norm=True
Ext=-c
kl_anneal=2.318895610675196
rho_q=8.528290020495298
rho_op=0.7872412631851023
prior_scale=5.953742963317485
sizeof_bnn=25
Batch_Size=30
Epochs=119
Gamma=0
country=us
early_stopping=False
smooth=True
