Arch=FF
num_layers=2
sizeof_layers=354
batch_norm=True
Ext=-c
kl_anneal=1.3623740997120497
rho_q=2.9613671630837772
rho_op=1.3734443377934054
prior_scale=6.732249605231475
sizeof_bnn=58
Batch_Size=70
Epochs=80
Gamma=0
country=us
early_stopping=False
smooth=True
