Arch=FF
num_layers=2
sizeof_layers=248
batch_norm=True
Ext=-c
kl_anneal=2.994075145999006
rho_q=6.748112467186015
rho_op=7.975694444778071
prior_scale=5.860853637733285
sizeof_bnn=28
Batch_Size=33
Epochs=121
Gamma=0
country=us
early_stopping=False
smooth=True
