Arch=FF
num_layers=2
sizeof_layers=243
batch_norm=True
Ext=-c
kl_anneal=2.9696787821898645
rho_q=4.68223217203321
rho_op=3.7654117534703064
prior_scale=3.5013183381101074
sizeof_bnn=13
Batch_Size=34
Epochs=95
Gamma=0
country=us
early_stopping=False
smooth=True
