Arch=FF
num_layers=2
sizeof_layers=256
batch_norm=True
Ext=-c
kl_anneal=1.0190402559895348
rho_q=9.070098669859926
rho_op=6.617271359402497
prior_scale=5.93961201668782
sizeof_bnn=6
Batch_Size=46
Epochs=113
Gamma=0
country=us
early_stopping=False
smooth=True
