Arch=FF
num_layers=3
sizeof_layers=104
batch_norm=True
Ext=-c
kl_anneal=3.9911249979299077
rho_q=4.6043997570366715
rho_op=8.03369875831433
prior_scale=5.145211329881931
sizeof_bnn=14
Batch_Size=116
Epochs=112
Gamma=0
country=us
early_stopping=False
smooth=True
