Arch=FF
num_layers=1
sizeof_layers=462
batch_norm=True
Ext=-c
kl_anneal=1.8643719572253579
rho_q=0.18029016479340643
rho_op=0.4648752218304897
prior_scale=2.3306596133276467
sizeof_bnn=15
Batch_Size=21
Epochs=371
Gamma=0
country=us
early_stopping=False
smooth=True
