Arch=FF
num_layers=1
sizeof_layers=347
batch_norm=True
Ext=-c
kl_anneal=1.5527587452737945
rho_q=7.001192046951402
rho_op=7.326014282880728
prior_scale=4.67404547647714
sizeof_bnn=53
Batch_Size=46
Epochs=89
Gamma=0
country=us
early_stopping=False
smooth=True
