Arch=FF
num_layers=2
sizeof_layers=350
batch_norm=True
Ext=-c
kl_anneal=0.6016808483338848
rho_q=6.4557505752535835
rho_op=3.3722646028292074
prior_scale=0.505856848179649
sizeof_bnn=11
Batch_Size=78
Epochs=305
Gamma=0
country=us
early_stopping=False
smooth=True
