Arch=FF
num_layers=1
sizeof_layers=353
batch_norm=True
Ext=-c
kl_anneal=3.965945286645205
rho_q=7.393407812701336
rho_op=3.788840830802773
prior_scale=3.2525926843684063
sizeof_bnn=23
Batch_Size=32
Epochs=274
Gamma=14
country=us
early_stopping=False
smooth=True
