Arch=FF
num_layers=3
sizeof_layers=247
batch_norm=True
Ext=-c
kl_anneal=0.7924568428923737
rho_q=7.063919618536461
rho_op=0.6034108754746466
prior_scale=6.613128411377062
sizeof_bnn=2
Batch_Size=21
Epochs=94
Gamma=0
country=us
early_stopping=False
smooth=True
