Arch=FF
num_layers=1
sizeof_layers=447
batch_norm=True
Ext=-c
kl_anneal=4.176477558880703
rho_q=6.743203286555948
rho_op=6.650973004781421
prior_scale=2.163161661329217
sizeof_bnn=103
Batch_Size=72
Epochs=171
Gamma=0
country=us
early_stopping=False
smooth=True
