Arch=FF
num_layers=2
sizeof_layers=219
batch_norm=True
Ext=-c
kl_anneal=3.6108967476290514
rho_q=3.2208828352578514
rho_op=6.536114361774494
prior_scale=1.8805518814342548
sizeof_bnn=26
Batch_Size=60
Epochs=265
Gamma=14
country=us
early_stopping=False
smooth=True
