Arch=FF
num_layers=2
sizeof_layers=247
batch_norm=True
Ext=-c
kl_anneal=4.509696378914086
rho_q=6.777079830098542
rho_op=3.6415140642672723
prior_scale=2.1625556439443168
sizeof_bnn=23
Batch_Size=61
Epochs=202
Gamma=0
country=us
early_stopping=False
smooth=True
