Arch=FF
num_layers=3
sizeof_layers=508
batch_norm=True
Ext=-c
kl_anneal=1.965494428757494
rho_q=5.318237790089248
rho_op=7.18670333904861
prior_scale=8.812020684572522
sizeof_bnn=81
Batch_Size=9
Epochs=285
Gamma=14
country=us
early_stopping=False
smooth=True
