Arch=FF
num_layers=3
sizeof_layers=163
batch_norm=True
Ext=-c
kl_anneal=4.121053847893337
rho_q=3.4641984001095167
rho_op=9.626541509534073
prior_scale=9.03942644730463
sizeof_bnn=24
Batch_Size=19
Epochs=52
Gamma=0
country=us
early_stopping=False
smooth=True
