Arch=FF
num_layers=3
sizeof_layers=256
batch_norm=True
Ext=-c
kl_anneal=3.86753384667375
rho_q=1.8279087605060615
rho_op=6.183459351663231
prior_scale=4.231088212294681
sizeof_bnn=12
Batch_Size=17
Epochs=111
Gamma=0
country=us
early_stopping=False
smooth=True
