Arch=FF
num_layers=2
sizeof_layers=289
batch_norm=True
Ext=-c
kl_anneal=3.8297023815233113
rho_q=5.63423963057031
rho_op=6.380560092818186
prior_scale=2.4366084194296294
sizeof_bnn=105
Batch_Size=22
Epochs=121
Gamma=0
country=us
early_stopping=False
smooth=True
