Arch=FF
num_layers=4
sizeof_layers=248
batch_norm=True
Ext=-c
kl_anneal=5.0
rho_q=8.509561248327557
rho_op=2.3515259481710777
prior_scale=1.981073495784423
sizeof_bnn=7
Batch_Size=36
Epochs=86
Gamma=0
country=us
early_stopping=False
smooth=True
