Arch=FF
num_layers=3
sizeof_layers=250
batch_norm=True
Ext=-c
kl_anneal=0.10317307934616475
rho_q=9.258440881624608
rho_op=2.2533703794404785
prior_scale=4.754857616703906
sizeof_bnn=6
Batch_Size=41
Epochs=119
Gamma=0
country=us
early_stopping=False
smooth=True
