Arch=FF
num_layers=2
sizeof_layers=140
batch_norm=True
Ext=-c
kl_anneal=1.9362759678064518
rho_q=5.230132042312021
rho_op=0.5228601107839862
prior_scale=0.11531663750163092
sizeof_bnn=14
Batch_Size=24
Epochs=157
Gamma=0
country=us
early_stopping=False
smooth=True
