Arch=FF
num_layers=1
sizeof_layers=259
batch_norm=True
Ext=-c
kl_anneal=3.7657255009421178
rho_q=9.99916622689527
rho_op=3.744325563921633
prior_scale=9.999144824682036
sizeof_bnn=19
Batch_Size=35
Epochs=102
Gamma=0
country=us
early_stopping=False
smooth=True
