Arch=FF
num_layers=1
sizeof_layers=365
batch_norm=True
Ext=-c
kl_anneal=1.9958836533257713
rho_q=0.17392612578256966
rho_op=5.751377326129393
prior_scale=8.420047902236465
sizeof_bnn=24
Batch_Size=76
Epochs=286
Gamma=0
country=us
early_stopping=False
smooth=True
