Arch=FF
num_layers=4
sizeof_layers=352
batch_norm=True
Ext=-c
kl_anneal=0.7597789355121471
rho_q=5.949485387111024
rho_op=0.1
prior_scale=3.4123218918858287
sizeof_bnn=46
Batch_Size=53
Epochs=303
Gamma=14
country=us
early_stopping=False
smooth=True
