Arch=FF
num_layers=2
sizeof_layers=246
batch_norm=True
Ext=-c
kl_anneal=3.618313292131027
rho_q=0.512302579697393
rho_op=6.183112432427555
prior_scale=2.198542967507
sizeof_bnn=13
Batch_Size=47
Epochs=110
Gamma=0
country=us
early_stopping=False
smooth=True
