Arch=FF
num_layers=4
sizeof_layers=200
batch_norm=True
Ext=-c
kl_anneal=0.1
rho_q=7.906011311944285
rho_op=5.760918346935504
prior_scale=3.3406697069258633
sizeof_bnn=17
Batch_Size=37
Epochs=220
Gamma=14
country=us
early_stopping=False
smooth=True
