Arch=FF
num_layers=2
sizeof_layers=324
batch_norm=True
Ext=-c
kl_anneal=2.6723603581012294
rho_q=0.45402785071675866
rho_op=0.7247957675608275
prior_scale=2.7601246681458105
sizeof_bnn=14
Batch_Size=47
Epochs=298
Gamma=14
country=us
early_stopping=False
smooth=True
