Arch=FF
num_layers=2
sizeof_layers=102
batch_norm=True
Ext=-c
kl_anneal=2.72398584536596
rho_q=6.859810554347847
rho_op=0.2400819733644151
prior_scale=6.783358413600749
sizeof_bnn=4
Batch_Size=119
Epochs=110
Gamma=0
country=us
early_stopping=False
smooth=True
