Arch=FF
num_layers=2
sizeof_layers=305
batch_norm=True
Ext=-c
kl_anneal=4.872970411336049
rho_q=6.905944913210573
rho_op=2.8108230186640415
prior_scale=5.271500647919416
sizeof_bnn=42
Batch_Size=78
Epochs=290
Gamma=0
country=us
early_stopping=False
smooth=True
