Arch=FF
num_layers=1
sizeof_layers=366
batch_norm=True
Ext=-c
kl_anneal=0.9505108554715141
rho_q=0.4533382682543252
rho_op=0.5135987128468291
prior_scale=8.798341884946302
sizeof_bnn=8
Batch_Size=114
Epochs=279
Gamma=0
country=us
early_stopping=False
smooth=True
