Arch=FF
num_layers=2
sizeof_layers=498
batch_norm=True
Ext=-c
kl_anneal=4.76910289168761
rho_q=9.057263461187462
rho_op=5.830310832725936
prior_scale=4.471625679652421
sizeof_bnn=55
Batch_Size=18
Epochs=56
Gamma=0
country=us
early_stopping=False
smooth=True
