Arch=FF
num_layers=4
sizeof_layers=353
batch_norm=True
Ext=-c
kl_anneal=4.930264785770043
rho_q=6.598459624853191
rho_op=0.1
prior_scale=5.431785470607912
sizeof_bnn=59
Batch_Size=72
Epochs=90
Gamma=0
country=us
early_stopping=False
smooth=True
