Arch=FF
num_layers=3
sizeof_layers=366
batch_norm=True
Ext=-c
kl_anneal=0.6595384909588473
rho_q=4.265911677550912
rho_op=7.2136366739476285
prior_scale=8.828055766662361
sizeof_bnn=9
Batch_Size=127
Epochs=312
Gamma=0
country=us
early_stopping=False
smooth=True
