Arch=FF
num_layers=2
sizeof_layers=254
batch_norm=True
Ext=-c
kl_anneal=2.159086628147183
rho_q=1.7692742889338349
rho_op=8.052641274295576
prior_scale=6.2590995276265495
sizeof_bnn=47
Batch_Size=79
Epochs=386
Gamma=0
country=us
early_stopping=False
smooth=True
