Arch=FF
num_layers=3
sizeof_layers=104
batch_norm=True
Ext=-c
kl_anneal=2.3920048824299913
rho_q=9.719925514337222
rho_op=1.38278710691766
prior_scale=4.869456242926385
sizeof_bnn=7
Batch_Size=79
Epochs=107
Gamma=0
country=us
early_stopping=False
smooth=True
