Arch=FF
num_layers=1
sizeof_layers=259
batch_norm=True
Ext=-c
kl_anneal=1.6256446518604097
rho_q=1.6110533369981732
rho_op=6.373791997413744
prior_scale=0.7219948792349585
sizeof_bnn=14
Batch_Size=44
Epochs=229
Gamma=0
country=us
early_stopping=False
smooth=True
