Arch=FF
num_layers=2
sizeof_layers=86
batch_norm=True
Ext=-c
kl_anneal=4.171687220071841
rho_q=9.19756138790615
rho_op=7.58079802956731
prior_scale=3.2075006016800223
sizeof_bnn=10
Batch_Size=112
Epochs=100
Gamma=0
country=us
early_stopping=False
smooth=True
