Arch=FF
num_layers=1
sizeof_layers=228
batch_norm=True
Ext=-c
kl_anneal=1.7943001122564692
rho_q=0.36900734718304795
rho_op=1.9765777976016443
prior_scale=6.425993396375086
sizeof_bnn=6
Batch_Size=11
Epochs=106
Gamma=0
country=us
early_stopping=False
smooth=True
