Arch=FF
num_layers=2
sizeof_layers=95
batch_norm=True
Ext=-c
kl_anneal=0.6579729232003393
rho_q=1.182881462773117
rho_op=2.921371638862769
prior_scale=5.90684441674209
sizeof_bnn=15
Batch_Size=104
Epochs=81
Gamma=0
country=us
early_stopping=False
smooth=True
