Arch=FF
num_layers=3
sizeof_layers=205
batch_norm=True
Ext=-c
kl_anneal=3.7279415909160756
rho_q=5.1479046259428936
rho_op=9.277692059674406
prior_scale=5.526347914629969
sizeof_bnn=21
Batch_Size=21
Epochs=91
Gamma=0
country=us
early_stopping=False
smooth=True
