Arch=FF
num_layers=1
sizeof_layers=140
batch_norm=True
Ext=-c
kl_anneal=2.2765087598246025
rho_q=10.0
rho_op=5.874805768153593
prior_scale=5.874957234027142
sizeof_bnn=22
Batch_Size=22
Epochs=50
Gamma=0
country=us
early_stopping=False
smooth=True
