Arch=FF
num_layers=2
sizeof_layers=222
batch_norm=True
Ext=-c
kl_anneal=1.0773114155273291
rho_q=4.140317190181377
rho_op=7.781823331696739
prior_scale=2.4553138661278635
sizeof_bnn=2
Batch_Size=28
Epochs=104
Gamma=0
country=us
early_stopping=False
smooth=True
