Arch=FF
num_layers=2
sizeof_layers=127
batch_norm=True
Ext=-c
kl_anneal=3.8521378773490587
rho_q=6.685679262859934
rho_op=1.8739399188550716
prior_scale=6.733820227639386
sizeof_bnn=6
Batch_Size=87
Epochs=61
Gamma=0
country=us
early_stopping=False
smooth=True
