Arch=FF
num_layers=2
sizeof_layers=308
batch_norm=True
Ext=-c
kl_anneal=4.678932498480161
rho_q=6.438857981830103
rho_op=0.4313137661214902
prior_scale=2.157302267451276
sizeof_bnn=10
Batch_Size=74
Epochs=222
Gamma=0
country=us
early_stopping=False
smooth=True
