Arch=FF
num_layers=2
sizeof_layers=184
batch_norm=True
Ext=-c
kl_anneal=4.349013456190508
rho_q=0.5367214344680423
rho_op=5.959836221112354
prior_scale=1.4717540581166373
sizeof_bnn=75
Batch_Size=64
Epochs=100
Gamma=0
country=us
early_stopping=False
smooth=True
