Arch=FF
num_layers=1
sizeof_layers=99
batch_norm=True
Ext=-c
kl_anneal=2.911805359779882
rho_q=8.96366492591801
rho_op=2.0799537625289384
prior_scale=7.209518884516811
sizeof_bnn=10
Batch_Size=115
Epochs=100
Gamma=0
country=us
early_stopping=False
smooth=True
