Arch=FF
num_layers=3
sizeof_layers=244
batch_norm=True
Ext=-c
kl_anneal=1.430167329040781
rho_q=5.559094673970397
rho_op=8.627733766204999
prior_scale=9.115193051422237
sizeof_bnn=49
Batch_Size=84
Epochs=391
Gamma=0
country=us
early_stopping=False
smooth=True
