Arch=FF
num_layers=2
sizeof_layers=156
batch_norm=True
Ext=-c
kl_anneal=0.544276501647182
rho_q=1.0948800798244085
rho_op=7.198660991014632
prior_scale=4.976972450862448
sizeof_bnn=73
Batch_Size=75
Epochs=289
Gamma=0
country=us
early_stopping=False
smooth=True
