Arch=FF
num_layers=3
sizeof_layers=452
batch_norm=True
Ext=-c
kl_anneal=1.9627478453244664
rho_q=3.6484645145688246
rho_op=3.3963184342051713
prior_scale=2.5759927743052833
sizeof_bnn=33
Batch_Size=120
Epochs=96
Gamma=14
country=us
early_stopping=False
smooth=True
