Arch=FF
num_layers=1
sizeof_layers=346
batch_norm=True
Ext=-c
kl_anneal=1.7689399077215684
rho_q=6.699401738791807
rho_op=0.1
prior_scale=5.938476393188414
sizeof_bnn=5
Batch_Size=51
Epochs=296
Gamma=14
country=us
early_stopping=False
smooth=True
