Arch=FF
num_layers=1
sizeof_layers=258
batch_norm=True
Ext=-c
kl_anneal=4.477644109232612
rho_q=1.6914527399369668
rho_op=7.596801432066169
prior_scale=4.851431264792798
sizeof_bnn=2
Batch_Size=26
Epochs=96
Gamma=0
country=us
early_stopping=False
smooth=True
