Arch=FF
num_layers=3
sizeof_layers=285
batch_norm=True
Ext=-c
kl_anneal=2.732956472702558
rho_q=2.062894989564959
rho_op=4.350248440053575
prior_scale=8.617107473710973
sizeof_bnn=2
Batch_Size=124
Epochs=325
Gamma=0
country=us
early_stopping=False
smooth=True
