Arch=FF
num_layers=3
sizeof_layers=342
batch_norm=True
Ext=-c
kl_anneal=1.3662941251604401
rho_q=9.436015212996244
rho_op=0.41129716657272153
prior_scale=8.461958422342818
sizeof_bnn=57
Batch_Size=67
Epochs=125
Gamma=0
country=us
early_stopping=False
smooth=True
