Arch=FF
num_layers=2
sizeof_layers=358
batch_norm=True
Ext=-c
kl_anneal=4.0180904970675675
rho_q=3.4251361669804465
rho_op=7.201607825830886
prior_scale=3.4997562263170403
sizeof_bnn=8
Batch_Size=95
Epochs=278
Gamma=0
country=us
early_stopping=False
smooth=True
