Arch=FF
num_layers=2
sizeof_layers=308
batch_norm=True
Ext=-c
kl_anneal=1.9365702268700762
rho_q=3.0710205179973213
rho_op=1.223296460163808
prior_scale=0.05522086589619505
sizeof_bnn=42
Batch_Size=81
Epochs=306
Gamma=0
country=us
early_stopping=False
smooth=True
