Arch=FF
num_layers=1
sizeof_layers=204
batch_norm=True
Ext=-c
kl_anneal=3.7183889035408937
rho_q=6.579680378616479
rho_op=9.195850877222147
prior_scale=6.048250509474305
sizeof_bnn=4
Batch_Size=88
Epochs=127
Gamma=0
country=us
early_stopping=False
smooth=True
