Arch=FF
num_layers=2
sizeof_layers=364
batch_norm=True
Ext=-c
kl_anneal=1.1802202515549374
rho_q=7.715725430564435
rho_op=0.7589894382249325
prior_scale=5.072077285480882
sizeof_bnn=22
Batch_Size=103
Epochs=288
Gamma=0
country=us
early_stopping=False
smooth=True
