Arch=FF
num_layers=3
sizeof_layers=252
batch_norm=True
Ext=-c
kl_anneal=3.6837280350107573
rho_q=2.881825631468865
rho_op=1.9613760299743768
prior_scale=0.6457808880379488
sizeof_bnn=36
Batch_Size=33
Epochs=119
Gamma=0
country=us
early_stopping=False
smooth=True
