Arch=FF
num_layers=1
sizeof_layers=345
batch_norm=True
Ext=-c
kl_anneal=3.592762543058938
rho_q=6.663299595947215
rho_op=7.939170395350641
prior_scale=6.598818033641232
sizeof_bnn=6
Batch_Size=79
Epochs=286
Gamma=0
country=us
early_stopping=False
smooth=True
