Arch=FF
num_layers=1
sizeof_layers=362
batch_norm=True
Ext=-c
kl_anneal=4.5805080733677075
rho_q=7.490103450054104
rho_op=7.617054115950033
prior_scale=4.023601984598832
sizeof_bnn=4
Batch_Size=107
Epochs=298
Gamma=0
country=us
early_stopping=False
smooth=True
