Arch=FF
num_layers=2
sizeof_layers=313
batch_norm=True
Ext=-c
kl_anneal=1.5291379957109827
rho_q=3.8958025102033096
rho_op=8.288949063332002
prior_scale=2.921152581543123
sizeof_bnn=4
Batch_Size=79
Epochs=492
Gamma=0
country=us
early_stopping=False
smooth=True
