Arch=FF
num_layers=1
sizeof_layers=296
batch_norm=True
Ext=-c
kl_anneal=0.1620442652697907
rho_q=2.751909623134965
rho_op=9.725730261202889
prior_scale=1.2137628880364504
sizeof_bnn=19
Batch_Size=78
Epochs=301
Gamma=0
country=us
early_stopping=False
smooth=True
