Arch=FF
num_layers=3
sizeof_layers=189
batch_norm=True
Ext=-c
kl_anneal=0.5005919475099375
rho_q=2.6263711504268037
rho_op=5.883390752676488
prior_scale=6.093882685542864
sizeof_bnn=48
Batch_Size=57
Epochs=66
Gamma=14
country=us
early_stopping=False
smooth=True
