Arch=FF
num_layers=1
sizeof_layers=237
batch_norm=True
Ext=-c
kl_anneal=4.352661717427912
rho_q=3.3218402201227133
rho_op=0.9959073476695167
prior_scale=3.341249388820478
sizeof_bnn=15
Batch_Size=20
Epochs=108
Gamma=0
country=us
early_stopping=False
smooth=True
