Arch=FF
num_layers=4
sizeof_layers=360
batch_norm=True
Ext=-c
kl_anneal=2.3083779035482572
rho_q=7.221348564795258
rho_op=0.1
prior_scale=8.827962685215148
sizeof_bnn=40
Batch_Size=78
Epochs=66
Gamma=0
country=us
early_stopping=False
smooth=True
