Arch=FF
num_layers=2
sizeof_layers=300
batch_norm=True
Ext=-c
kl_anneal=4.964351410928089
rho_q=8.669115474001835
rho_op=6.179538758048349
prior_scale=0.9550026847444499
sizeof_bnn=8
Batch_Size=69
Epochs=394
Gamma=0
country=us
early_stopping=False
smooth=True
