Arch=FF
num_layers=3
sizeof_layers=204
batch_norm=True
Ext=-c
kl_anneal=1.297825376219007
rho_q=8.680669224246698
rho_op=3.9378786251849554
prior_scale=2.8572583634189277
sizeof_bnn=19
Batch_Size=40
Epochs=116
Gamma=0
country=us
early_stopping=False
smooth=True
