Arch=FF
num_layers=3
sizeof_layers=205
batch_norm=True
Ext=-c
kl_anneal=4.285581387557113
rho_q=1.0781724187520112
rho_op=0.15020464231174127
prior_scale=6.763884218025819
sizeof_bnn=98
Batch_Size=73
Epochs=76
Gamma=14
country=us
early_stopping=False
smooth=True
