Arch=FF
num_layers=2
sizeof_layers=260
batch_norm=True
Ext=-c
kl_anneal=0.1172732882773248
rho_q=6.419962609928252
rho_op=6.857698718463075
prior_scale=0.06504024133303297
sizeof_bnn=2
Batch_Size=20
Epochs=94
Gamma=0
country=us
early_stopping=False
smooth=True
