Arch=FF
num_layers=2
sizeof_layers=337
batch_norm=True
Ext=-c
kl_anneal=2.7616012978810804
rho_q=6.214013252927056
rho_op=0.48311107403778997
prior_scale=8.191072066672403
sizeof_bnn=8
Batch_Size=121
Epochs=426
Gamma=14
country=us
early_stopping=False
smooth=True
