Arch=FF
num_layers=1
sizeof_layers=202
batch_norm=True
Ext=-c
kl_anneal=2.848341740149702
rho_q=9.285256785266414
rho_op=2.334040698780687
prior_scale=6.719083309323898
sizeof_bnn=26
Batch_Size=27
Epochs=112
Gamma=0
country=us
early_stopping=False
smooth=True
