Arch=FF
num_layers=1
sizeof_layers=211
batch_norm=True
Ext=-c
kl_anneal=1.6323570663844689
rho_q=1.2427850473896946
rho_op=7.191707485200354
prior_scale=4.819074844473007
sizeof_bnn=2
Batch_Size=84
Epochs=111
Gamma=0
country=us
early_stopping=False
smooth=True
