Arch=FF
num_layers=1
sizeof_layers=248
batch_norm=True
Ext=-c
kl_anneal=3.671724259823379
rho_q=7.57550566924552
rho_op=6.514873350278301
prior_scale=1.6183960079519464
sizeof_bnn=5
Batch_Size=62
Epochs=214
Gamma=0
country=us
early_stopping=False
smooth=True
