Arch=FF
num_layers=2
sizeof_layers=233
batch_norm=True
Ext=-c
kl_anneal=3.2957526986610977
rho_q=6.188416076908706
rho_op=5.027303695626008
prior_scale=3.5919020628015366
sizeof_bnn=8
Batch_Size=18
Epochs=96
Gamma=0
country=us
early_stopping=False
smooth=True
