Arch=FF
num_layers=3
sizeof_layers=92
batch_norm=True
Ext=-c
kl_anneal=0.2256517543235762
rho_q=1.655347975507712
rho_op=1.0372322886375782
prior_scale=8.98259424445624
sizeof_bnn=10
Batch_Size=98
Epochs=134
Gamma=0
country=us
early_stopping=False
smooth=True
