Arch=FF
num_layers=1
sizeof_layers=203
batch_norm=True
Ext=-c
kl_anneal=2.317478594227802
rho_q=1.705423699817666
rho_op=1.265672537762062
prior_scale=3.938800578465302
sizeof_bnn=2
Batch_Size=74
Epochs=105
Gamma=0
country=us
early_stopping=False
smooth=True
