Arch=FF
num_layers=2
sizeof_layers=255
batch_norm=True
Ext=-c
kl_anneal=2.7367637277726917
rho_q=7.183153358640457
rho_op=6.493693044514359
prior_scale=2.7304823143724906
sizeof_bnn=30
Batch_Size=18
Epochs=95
Gamma=0
country=us
early_stopping=False
smooth=True
