Arch=FF
num_layers=1
sizeof_layers=221
batch_norm=True
Ext=-c
kl_anneal=4.81760685345824
rho_q=0.2304229582045838
rho_op=7.007877783846356
prior_scale=0.7306596832396802
sizeof_bnn=42
Batch_Size=64
Epochs=100
Gamma=0
country=us
early_stopping=False
smooth=True
