Arch=FF
num_layers=3
sizeof_layers=299
batch_norm=True
Ext=-c
kl_anneal=4.164113324659019
rho_q=3.1663222854041764
rho_op=3.177670780167836
prior_scale=8.472799015183403
sizeof_bnn=11
Batch_Size=77
Epochs=226
Gamma=0
country=us
early_stopping=False
smooth=True
