Arch=FF
num_layers=1
sizeof_layers=249
batch_norm=True
Ext=-c
kl_anneal=1.2459274567356835
rho_q=7.493161419525235
rho_op=4.075064581392794
prior_scale=6.432315111277333
sizeof_bnn=13
Batch_Size=62
Epochs=209
Gamma=0
country=us
early_stopping=False
smooth=True
