Arch=FF
num_layers=3
sizeof_layers=371
batch_norm=True
Ext=-c
kl_anneal=3.399667818945694
rho_q=7.755250253090012
rho_op=7.7211660049362365
prior_scale=7.958412084385095
sizeof_bnn=8
Batch_Size=104
Epochs=271
Gamma=0
country=us
early_stopping=False
smooth=True
