Arch=FF
num_layers=3
sizeof_layers=300
batch_norm=True
Ext=-c
kl_anneal=2.664305533306471
rho_q=2.1917518313457682
rho_op=2.1125743990486985
prior_scale=2.992409133879542
sizeof_bnn=2
Batch_Size=89
Epochs=297
Gamma=0
country=us
early_stopping=False
smooth=True
