Arch=FF
num_layers=3
sizeof_layers=337
batch_norm=True
Ext=-c
kl_anneal=2.7962812638357986
rho_q=1.8892047281840638
rho_op=7.083087449028291
prior_scale=0.7222088243105507
sizeof_bnn=84
Batch_Size=64
Epochs=100
Gamma=0
country=us
early_stopping=False
smooth=True
