Arch=FF
num_layers=3
sizeof_layers=198
batch_norm=True
Ext=-c
kl_anneal=3.2217863634551342
rho_q=2.401947705632332
rho_op=8.866778642027398
prior_scale=4.879815397082859
sizeof_bnn=12
Batch_Size=23
Epochs=124
Gamma=0
country=us
early_stopping=False
smooth=True
