Arch=FF
num_layers=2
sizeof_layers=207
batch_norm=True
Ext=-c
kl_anneal=0.9056999694703392
rho_q=9.79215595576855
rho_op=6.473338329273128
prior_scale=6.354350869083876
sizeof_bnn=9
Batch_Size=24
Epochs=90
Gamma=0
country=us
early_stopping=False
smooth=True
