Arch=FF
num_layers=3
sizeof_layers=495
batch_norm=True
Ext=-c
kl_anneal=2.347778009069871
rho_q=7.9059402316972704
rho_op=5.46953097834676
prior_scale=2.740653442061651
sizeof_bnn=57
Batch_Size=26
Epochs=55
Gamma=0
country=us
early_stopping=False
smooth=True
