Arch=FF
num_layers=2
sizeof_layers=164
batch_norm=True
Ext=-c
kl_anneal=1.7808350976900336
rho_q=4.042813842475737
rho_op=0.2872276491632862
prior_scale=9.011948310394102
sizeof_bnn=2
Batch_Size=36
Epochs=196
Gamma=0
country=us
early_stopping=False
smooth=True
