Arch=FF
num_layers=4
sizeof_layers=316
batch_norm=True
Ext=-c
kl_anneal=3.963842280294495
rho_q=4.500750913838341
rho_op=3.485321250388903
prior_scale=5.705265455517677
sizeof_bnn=17
Batch_Size=86
Epochs=496
Gamma=0
country=us
early_stopping=False
smooth=True
