Arch=FF
num_layers=3
sizeof_layers=200
batch_norm=True
Ext=-c
kl_anneal=0.15110718648594584
rho_q=4.591465947767504
rho_op=0.4514925082091539
prior_scale=3.5123447638739407
sizeof_bnn=26
Batch_Size=27
Epochs=118
Gamma=0
country=us
early_stopping=False
smooth=True
