Arch=FF
num_layers=2
sizeof_layers=341
batch_norm=True
Ext=-c
kl_anneal=1.9553680055207787
rho_q=8.88114352336773
rho_op=1.3586517405527847
prior_scale=4.762546336523376
sizeof_bnn=21
Batch_Size=97
Epochs=299
Gamma=0
country=us
early_stopping=False
smooth=True
