Arch=FF
num_layers=3
sizeof_layers=355
batch_norm=True
Ext=-c
kl_anneal=1.2732034746455176
rho_q=1.033682293128164
rho_op=4.917762514645217
prior_scale=7.943970353653287
sizeof_bnn=15
Batch_Size=94
Epochs=277
Gamma=0
country=us
early_stopping=False
smooth=True
