Arch=FF
num_layers=2
sizeof_layers=312
batch_norm=True
Ext=-c
kl_anneal=4.519169908766899
rho_q=5.592102414514474
rho_op=5.636418563545376
prior_scale=7.406354090216132
sizeof_bnn=18
Batch_Size=119
Epochs=240
Gamma=0
country=us
early_stopping=False
smooth=True
