Arch=FF
num_layers=3
sizeof_layers=254
batch_norm=True
Ext=-c
kl_anneal=1.0055250869919716
rho_q=5.559825838045951
rho_op=6.610686621687134
prior_scale=3.762551122083358
sizeof_bnn=5
Batch_Size=49
Epochs=192
Gamma=0
country=us
early_stopping=False
smooth=True
