Arch=FF
num_layers=1
sizeof_layers=388
batch_norm=True
Ext=-c
kl_anneal=3.5064646939104014
rho_q=8.594166157707772
rho_op=3.0240161953525564
prior_scale=3.3962253489398697
sizeof_bnn=5
Batch_Size=97
Epochs=285
Gamma=0
country=us
early_stopping=False
smooth=True
