Arch=FF
num_layers=1
sizeof_layers=316
batch_norm=True
Ext=-c
kl_anneal=3.5413137378361754
rho_q=9.705807241308293
rho_op=1.2118273053645163
prior_scale=6.525520305508731
sizeof_bnn=14
Batch_Size=96
Epochs=283
Gamma=0
country=us
early_stopping=False
smooth=True
