Arch=FF
num_layers=1
sizeof_layers=201
batch_norm=True
Ext=-c
kl_anneal=4.283947232899865
rho_q=5.058766420755698
rho_op=4.969516722506692
prior_scale=8.069820936709899
sizeof_bnn=8
Batch_Size=71
Epochs=134
Gamma=0
country=us
early_stopping=False
smooth=True
