Arch=FF
num_layers=2
sizeof_layers=199
batch_norm=True
Ext=-c
kl_anneal=4.820938576659833
rho_q=8.190461023931366
rho_op=6.98028294003356
prior_scale=7.555003886940016
sizeof_bnn=101
Batch_Size=60
Epochs=63
Gamma=14
country=us
early_stopping=False
smooth=True
