Arch=FF
num_layers=2
sizeof_layers=419
batch_norm=True
Ext=-c
kl_anneal=3.0169486364888853
rho_q=7.202248148580465
rho_op=9.35039337959973
prior_scale=2.1255762350594867
sizeof_bnn=11
Batch_Size=34
Epochs=450
Gamma=0
country=us
early_stopping=False
smooth=True
