Arch=FF
num_layers=2
sizeof_layers=88
batch_norm=True
Ext=-c
kl_anneal=2.8233849054343163
rho_q=7.684886548904715
rho_op=1.6450829877146331
prior_scale=5.690007999319164
sizeof_bnn=12
Batch_Size=113
Epochs=110
Gamma=0
country=us
early_stopping=False
smooth=True
