Arch=FF
num_layers=1
sizeof_layers=111
batch_norm=True
Ext=-c
kl_anneal=3.4747229522225
rho_q=9.807247287672519
rho_op=4.635072327776525
prior_scale=8.062118664711699
sizeof_bnn=13
Batch_Size=116
Epochs=102
Gamma=0
country=us
early_stopping=False
smooth=True
