Arch=FF
num_layers=1
sizeof_layers=374
batch_norm=True
Ext=-c
kl_anneal=3.693832519363785
rho_q=3.43112188893666
rho_op=5.387052961539617
prior_scale=9.866654692135672
sizeof_bnn=4
Batch_Size=81
Epochs=270
Gamma=0
country=us
early_stopping=False
smooth=True
