Arch=FF
num_layers=1
sizeof_layers=79
batch_norm=True
Ext=-c
kl_anneal=3.916730295045227
rho_q=7.92267772287947
rho_op=2.4032083578722356
prior_scale=6.0872833643746835
sizeof_bnn=10
Batch_Size=106
Epochs=106
Gamma=0
country=us
early_stopping=False
smooth=True
