Arch=FF
num_layers=3
sizeof_layers=91
batch_norm=True
Ext=-c
kl_anneal=4.941264502325427
rho_q=5.253856980126761
rho_op=6.426460692374039
prior_scale=9.167490269441764
sizeof_bnn=5
Batch_Size=112
Epochs=102
Gamma=0
country=us
early_stopping=False
smooth=True
