Arch=FF
num_layers=1
sizeof_layers=304
batch_norm=True
Ext=-c
kl_anneal=1.5551295333443984
rho_q=1.126392920381567
rho_op=1.5820779491311472
prior_scale=4.599912107200585
sizeof_bnn=15
Batch_Size=65
Epochs=246
Gamma=0
country=us
early_stopping=False
smooth=True
