Arch=FF
num_layers=1
sizeof_layers=221
batch_norm=True
Ext=-c
kl_anneal=2.5080647325382324
rho_q=7.56132586641783
rho_op=5.78992260270757
prior_scale=3.3713855406975686
sizeof_bnn=12
Batch_Size=22
Epochs=95
Gamma=0
country=us
early_stopping=False
smooth=True
