Arch=FF
num_layers=1
sizeof_layers=463
batch_norm=True
Ext=-c
kl_anneal=4.683471771083192
rho_q=3.1222476056199384
rho_op=1.523973974008824
prior_scale=0.3930924106125882
sizeof_bnn=43
Batch_Size=22
Epochs=358
Gamma=0
country=us
early_stopping=False
smooth=True
