Arch=FF
num_layers=1
sizeof_layers=318
batch_norm=True
Ext=-c
kl_anneal=3.727433418060011
rho_q=1.5388394603408944
rho_op=6.431739140823522
prior_scale=2.2594689734588034
sizeof_bnn=8
Batch_Size=74
Epochs=284
Gamma=0
country=us
early_stopping=False
smooth=True
