Arch=FF
num_layers=1
sizeof_layers=72
batch_norm=True
Ext=-c
kl_anneal=4.024409858731254
rho_q=6.568459116142541
rho_op=1.7659148489802838
prior_scale=3.046049829639825
sizeof_bnn=6
Batch_Size=125
Epochs=127
Gamma=0
country=us
early_stopping=False
smooth=True
