Arch=FF
num_layers=1
sizeof_layers=322
batch_norm=True
Ext=-c
kl_anneal=0.837239991941555
rho_q=10.0
rho_op=9.942791330820674
prior_scale=7.135082984003428
sizeof_bnn=18
Batch_Size=78
Epochs=399
Gamma=14
country=us
early_stopping=False
smooth=True
