Arch=FF
num_layers=2
sizeof_layers=322
batch_norm=True
Ext=-c
kl_anneal=1.7065938530540523
rho_q=0.5474169732127228
rho_op=3.8104811513436943
prior_scale=4.383045931843398
sizeof_bnn=14
Batch_Size=62
Epochs=236
Gamma=0
country=us
early_stopping=False
smooth=True
