Arch=FF
num_layers=1
sizeof_layers=106
batch_norm=True
Ext=-c
kl_anneal=2.8072863015721663
rho_q=9.414709873356722
rho_op=6.617981078882036
prior_scale=0.7151039559266333
sizeof_bnn=10
Batch_Size=72
Epochs=112
Gamma=0
country=us
early_stopping=False
smooth=True
