Arch=FF
num_layers=2
sizeof_layers=376
batch_norm=True
Ext=-c
kl_anneal=2.4151743836099295
rho_q=1.2160527232702294
rho_op=0.12355590971863087
prior_scale=8.885784587297795
sizeof_bnn=20
Batch_Size=105
Epochs=297
Gamma=0
country=us
early_stopping=False
smooth=True
