Arch=FF
num_layers=3
sizeof_layers=199
batch_norm=True
Ext=-c
kl_anneal=1.4349720425379147
rho_q=7.089313748018015
rho_op=1.7341516764245775
prior_scale=8.687375797859179
sizeof_bnn=97
Batch_Size=72
Epochs=84
Gamma=14
country=us
early_stopping=False
smooth=True
