Arch=FF
num_layers=2
sizeof_layers=420
batch_norm=True
Ext=-c
kl_anneal=1.2900197018063675
rho_q=2.904456754446096
rho_op=2.377851575306537
prior_scale=5.379612378978151
sizeof_bnn=24
Batch_Size=55
Epochs=437
Gamma=0
country=us
early_stopping=False
smooth=True
