Arch=FF
num_layers=3
sizeof_layers=434
batch_norm=True
Ext=-c
kl_anneal=2.2717339728406527
rho_q=7.800592730323876
rho_op=8.820974233027114
prior_scale=5.447335044341736
sizeof_bnn=93
Batch_Size=31
Epochs=494
Gamma=14
country=us
early_stopping=False
smooth=True
