Arch=FF
num_layers=3
sizeof_layers=321
batch_norm=True
Ext=-c
kl_anneal=2.212317353690516
rho_q=7.396309788463732
rho_op=4.857279173933693
prior_scale=3.1073014421516003
sizeof_bnn=66
Batch_Size=77
Epochs=226
Gamma=0
country=us
early_stopping=False
smooth=True
