Arch=FF
num_layers=3
sizeof_layers=374
batch_norm=True
Ext=-c
kl_anneal=2.371746236492599
rho_q=9.657643910260058
rho_op=7.574923223393703
prior_scale=2.5822636696041226
sizeof_bnn=10
Batch_Size=70
Epochs=279
Gamma=14
country=us
early_stopping=False
smooth=True
