Arch=FF
num_layers=3
sizeof_layers=360
batch_norm=True
Ext=-c
kl_anneal=3.9837426499384705
rho_q=5.49025692079831
rho_op=7.021078578368757
prior_scale=0.07083660643170844
sizeof_bnn=27
Batch_Size=87
Epochs=278
Gamma=0
country=us
early_stopping=False
smooth=True
