Arch=FF
num_layers=3
sizeof_layers=71
batch_norm=True
Ext=-c
kl_anneal=0.941056779273916
rho_q=5.972939007793523
rho_op=2.5110438207635717
prior_scale=6.020289781113726
sizeof_bnn=5
Batch_Size=102
Epochs=130
Gamma=0
country=us
early_stopping=False
smooth=True
