Arch=FF
num_layers=3
sizeof_layers=25
batch_norm=True
Ext=-c
kl_anneal=0.9602135093581257
rho_q=7.342159978017077
rho_op=0.8572305719070539
prior_scale=5.441072158278584
sizeof_bnn=26
Batch_Size=31
Epochs=250
Gamma=14
country=us
early_stopping=False
smooth=True
