Arch=FF
num_layers=2
sizeof_layers=79
batch_norm=True
Ext=-c
kl_anneal=3.260956852196013
rho_q=2.218982415754326
rho_op=1.505615763746527
prior_scale=4.35723967268991
sizeof_bnn=15
Batch_Size=126
Epochs=116
Gamma=0
country=us
early_stopping=False
smooth=True
