Arch=FF
num_layers=3
sizeof_layers=224
batch_norm=True
Ext=-c
kl_anneal=3.577499784636656
rho_q=2.3845742351724795
rho_op=7.7218805298878905
prior_scale=0.9232703352777765
sizeof_bnn=7
Batch_Size=42
Epochs=92
Gamma=0
country=us
early_stopping=False
smooth=True
