Arch=FF
num_layers=1
sizeof_layers=294
batch_norm=True
Ext=-c
kl_anneal=4.155297257460462
rho_q=0.37944983597487725
rho_op=9.683156458518285
prior_scale=6.42557524286386
sizeof_bnn=2
Batch_Size=64
Epochs=100
Gamma=0
country=us
early_stopping=False
smooth=True
