Arch=FF
num_layers=1
sizeof_layers=344
batch_norm=True
Ext=-c
kl_anneal=2.916511554604217
rho_q=2.586258439938395
rho_op=4.712553589976392
prior_scale=3.2550358516986604
sizeof_bnn=49
Batch_Size=68
Epochs=202
Gamma=0
country=us
early_stopping=False
smooth=True
