Arch=FF
num_layers=3
sizeof_layers=440
batch_norm=True
Ext=-c
kl_anneal=2.8552996890822975
rho_q=4.140803965631218
rho_op=3.9222153335911236
prior_scale=5.611190832174674
sizeof_bnn=4
Batch_Size=46
Epochs=437
Gamma=0
country=us
early_stopping=False
smooth=True
