Arch=FF
num_layers=2
sizeof_layers=200
batch_norm=True
Ext=-c
kl_anneal=2.9452708174857354
rho_q=3.861792142908248
rho_op=0.6633266671583085
prior_scale=6.390882799627042
sizeof_bnn=2
Batch_Size=61
Epochs=208
Gamma=14
country=us
early_stopping=False
smooth=True
