Arch=FF
num_layers=3
sizeof_layers=193
batch_norm=True
Ext=-c
kl_anneal=2.5073306769186616
rho_q=7.191508296643914
rho_op=3.6119154617305336
prior_scale=3.382072116510934
sizeof_bnn=8
Batch_Size=18
Epochs=84
Gamma=0
country=us
early_stopping=False
smooth=True
