Arch=FF
num_layers=1
sizeof_layers=313
batch_norm=True
Ext=-c
kl_anneal=2.8824305892305353
rho_q=4.728638817777959
rho_op=2.296077080480551
prior_scale=2.888867447272074
sizeof_bnn=5
Batch_Size=63
Epochs=227
Gamma=0
country=us
early_stopping=False
smooth=True
