Arch=FF
num_layers=2
sizeof_layers=215
batch_norm=True
Ext=-c
kl_anneal=0.6630778989642
rho_q=3.315321119813436
rho_op=6.728177264223653
prior_scale=7.592039991860009
sizeof_bnn=34
Batch_Size=56
Epochs=448
Gamma=0
country=us
early_stopping=False
smooth=True
