Arch=FF
num_layers=3
sizeof_layers=84
batch_norm=True
Ext=-c
kl_anneal=4.97505314659343
rho_q=0.8298046935859118
rho_op=2.2217114355435803
prior_scale=1.437470260038472
sizeof_bnn=8
Batch_Size=88
Epochs=122
Gamma=0
country=us
early_stopping=False
smooth=True
