Arch=FF
num_layers=3
sizeof_layers=222
batch_norm=True
Ext=-c
kl_anneal=0.1883185395598076
rho_q=8.53510127553568
rho_op=2.553025123636575
prior_scale=7.796493955144118
sizeof_bnn=32
Batch_Size=93
Epochs=89
Gamma=0
country=us
early_stopping=False
smooth=True
