Arch=FF
num_layers=2
sizeof_layers=83
batch_norm=True
Ext=-c
kl_anneal=0.2934647477758153
rho_q=9.44687019697127
rho_op=5.370473014972199
prior_scale=4.376971359807883
sizeof_bnn=17
Batch_Size=122
Epochs=117
Gamma=0
country=us
early_stopping=False
smooth=True
