Arch=FF
num_layers=2
sizeof_layers=146
batch_norm=True
Ext=-c
kl_anneal=1.3548512114006968
rho_q=7.939464335025733
rho_op=1.3054951446917715
prior_scale=2.237853056945244
sizeof_bnn=22
Batch_Size=24
Epochs=173
Gamma=0
country=us
early_stopping=False
smooth=True
