Arch=FF
num_layers=1
sizeof_layers=207
batch_norm=True
Ext=-c
kl_anneal=4.85458407710774
rho_q=8.002485039840673
rho_op=8.749345851076612
prior_scale=6.927667298468398
sizeof_bnn=8
Batch_Size=45
Epochs=93
Gamma=0
country=us
early_stopping=False
smooth=True
