Arch=FF
num_layers=2
sizeof_layers=218
batch_norm=True
Ext=-c
kl_anneal=4.666670382256261
rho_q=0.8489762663222385
rho_op=6.170776777895842
prior_scale=5.913416803514093
sizeof_bnn=10
Batch_Size=29
Epochs=108
Gamma=0
country=us
early_stopping=False
smooth=True
