Arch=FF
num_layers=1
sizeof_layers=283
batch_norm=True
Ext=-c
kl_anneal=1.0788112434306751
rho_q=2.376698447554712
rho_op=0.40928628614397
prior_scale=6.169483509210369
sizeof_bnn=25
Batch_Size=70
Epochs=232
Gamma=0
country=us
early_stopping=False
smooth=True
