Arch=FF
num_layers=3
sizeof_layers=324
batch_norm=True
Ext=-c
kl_anneal=2.0734094375226246
rho_q=7.894940236508437
rho_op=5.151905440030448
prior_scale=1.2026372690519298
sizeof_bnn=58
Batch_Size=79
Epochs=218
Gamma=0
country=us
early_stopping=False
smooth=True
