Arch=FF
num_layers=1
sizeof_layers=358
batch_norm=True
Ext=-c
kl_anneal=1.274222197190088
rho_q=9.114218877885657
rho_op=2.5561705451652648
prior_scale=1.9758036831142853
sizeof_bnn=21
Batch_Size=123
Epochs=301
Gamma=0
country=us
early_stopping=False
smooth=True
