Arch=FF
num_layers=2
sizeof_layers=220
batch_norm=True
Ext=-c
kl_anneal=0.49753972214701425
rho_q=9.586402898564437
rho_op=1.55579832371392
prior_scale=7.112153219978964
sizeof_bnn=8
Batch_Size=73
Epochs=137
Gamma=0
country=us
early_stopping=False
smooth=True
