Arch=FF
num_layers=2
sizeof_layers=333
batch_norm=True
Ext=-c
kl_anneal=4.0519355216171915
rho_q=2.342903038178459
rho_op=1.641634773244526
prior_scale=7.174189514547174
sizeof_bnn=36
Batch_Size=98
Epochs=347
Gamma=0
country=us
early_stopping=False
smooth=True
