Arch=FF
num_layers=2
sizeof_layers=85
batch_norm=True
Ext=-c
kl_anneal=4.705332767040825
rho_q=9.529139524030988
rho_op=6.974519203827332
prior_scale=3.3692435614378096
sizeof_bnn=7
Batch_Size=115
Epochs=121
Gamma=0
country=us
early_stopping=False
smooth=True
