Arch=FF
num_layers=2
sizeof_layers=82
batch_norm=True
Ext=-c
kl_anneal=0.2029966405789415
rho_q=6.7931246373955085
rho_op=8.762713256103991
prior_scale=1.700114642696929
sizeof_bnn=11
Batch_Size=86
Epochs=127
Gamma=0
country=us
early_stopping=False
smooth=True
