Arch=FF
num_layers=1
sizeof_layers=318
batch_norm=True
Ext=-c
kl_anneal=4.471867049148204
rho_q=5.841700279318444
rho_op=6.638371199076363
prior_scale=5.07823022160328
sizeof_bnn=9
Batch_Size=75
Epochs=492
Gamma=0
country=us
early_stopping=False
smooth=True
