Arch=FF
num_layers=3
sizeof_layers=363
batch_norm=True
Ext=-c
kl_anneal=1.0021981468773349
rho_q=4.4278365372206325
rho_op=8.571687687379399
prior_scale=4.469662267538527
sizeof_bnn=10
Batch_Size=93
Epochs=268
Gamma=0
country=us
early_stopping=False
smooth=True
