Arch=FF
num_layers=3
sizeof_layers=128
batch_norm=True
Ext=-c
kl_anneal=1.1404283608131127
rho_q=5.263894720519397
rho_op=1.0648645230935316
prior_scale=9.15517845242956
sizeof_bnn=5
Batch_Size=96
Epochs=56
Gamma=0
country=us
early_stopping=False
smooth=True
