Arch=FF
num_layers=3
sizeof_layers=231
batch_norm=True
Ext=-c
kl_anneal=1.3696172978372698
rho_q=4.670716753020712
rho_op=6.662924431754615
prior_scale=5.163362253199373
sizeof_bnn=10
Batch_Size=80
Epochs=70
Gamma=14
country=us
early_stopping=False
smooth=True
