Arch=FF
num_layers=2
sizeof_layers=98
batch_norm=True
Ext=-c
kl_anneal=4.029178551466747
rho_q=1.3195647512487085
rho_op=2.8564415457242363
prior_scale=6.4873152588807885
sizeof_bnn=2
Batch_Size=81
Epochs=115
Gamma=0
country=us
early_stopping=False
smooth=True
