Arch=FF
num_layers=1
sizeof_layers=357
batch_norm=True
Ext=-c
kl_anneal=1.7593982159754977
rho_q=6.58417836383436
rho_op=2.8857149725068116
prior_scale=7.914802668200408
sizeof_bnn=4
Batch_Size=97
Epochs=300
Gamma=0
country=us
early_stopping=False
smooth=True
