Arch=FF
num_layers=2
sizeof_layers=364
batch_norm=True
Ext=-c
kl_anneal=2.0803890378940966
rho_q=8.30322016798679
rho_op=6.978343761458739
prior_scale=6.7670114873946625
sizeof_bnn=52
Batch_Size=70
Epochs=73
Gamma=0
country=us
early_stopping=False
smooth=True
