Arch=FF
num_layers=2
sizeof_layers=77
batch_norm=True
Ext=-c
kl_anneal=3.0984786268368394
rho_q=9.477429306327851
rho_op=1.6624508685959005
prior_scale=5.956904968919652
sizeof_bnn=3
Batch_Size=116
Epochs=135
Gamma=0
country=us
early_stopping=False
smooth=True
