Arch=FF
num_layers=1
sizeof_layers=85
batch_norm=True
Ext=-c
kl_anneal=3.845752672298028
rho_q=7.816023538403801
rho_op=8.85759369653452
prior_scale=8.26929615395387
sizeof_bnn=11
Batch_Size=104
Epochs=102
Gamma=0
country=us
early_stopping=False
smooth=True
