Arch=FF
num_layers=2
sizeof_layers=99
batch_norm=True
Ext=-c
kl_anneal=0.44794297117865234
rho_q=0.13105702700891833
rho_op=6.383861031248183
prior_scale=1.1960432439388635
sizeof_bnn=12
Batch_Size=51
Epochs=430
Gamma=14
country=us
early_stopping=False
smooth=True
