Arch=FF
num_layers=2
sizeof_layers=243
batch_norm=True
Ext=-c
kl_anneal=2.8998595182560463
rho_q=6.2960024100426
rho_op=0.405745927981961
prior_scale=4.038997553543932
sizeof_bnn=10
Batch_Size=33
Epochs=91
Gamma=0
country=us
early_stopping=False
smooth=True
