Arch=FF
num_layers=2
sizeof_layers=358
batch_norm=True
Ext=-c
kl_anneal=1.825826356071693
rho_q=7.244199527594663
rho_op=0.30690528377266413
prior_scale=6.590041514603637
sizeof_bnn=12
Batch_Size=121
Epochs=313
Gamma=0
country=us
early_stopping=False
smooth=True
