Arch=FF
num_layers=3
sizeof_layers=253
batch_norm=True
Ext=-c
kl_anneal=1.5060828830858128
rho_q=8.235107490961905
rho_op=9.102702474466899
prior_scale=8.197002115271808
sizeof_bnn=62
Batch_Size=64
Epochs=100
Gamma=0
country=us
early_stopping=False
smooth=True
