Arch=FF
num_layers=3
sizeof_layers=251
batch_norm=True
Ext=-c
kl_anneal=3.5191081099237573
rho_q=3.0142387166616835
rho_op=9.529863254678462
prior_scale=4.409647246692383
sizeof_bnn=3
Batch_Size=34
Epochs=205
Gamma=0
country=us
early_stopping=False
smooth=True
