Arch=FF
num_layers=2
sizeof_layers=81
batch_norm=True
Ext=-c
kl_anneal=3.975774283445747
rho_q=4.951917762865941
rho_op=5.7026980146354305
prior_scale=5.540120964624673
sizeof_bnn=6
Batch_Size=115
Epochs=107
Gamma=0
country=us
early_stopping=False
smooth=True
