Arch=FF
num_layers=2
sizeof_layers=383
batch_norm=True
Ext=-c
kl_anneal=2.6607530181733217
rho_q=7.941024730298816
rho_op=5.765032058934987
prior_scale=7.720154915537875
sizeof_bnn=5
Batch_Size=124
Epochs=307
Gamma=0
country=us
early_stopping=False
smooth=True
