Arch=FF
num_layers=2
sizeof_layers=168
batch_norm=True
Ext=-c
kl_anneal=3.0213152918752537
rho_q=4.525278970008301
rho_op=3.849962824504451
prior_scale=4.892906196501102
sizeof_bnn=8
Batch_Size=57
Epochs=221
Gamma=14
country=us
early_stopping=False
smooth=True
