Arch=FF
num_layers=3
sizeof_layers=345
batch_norm=True
Ext=-c
kl_anneal=1.7523550505505319
rho_q=6.355073889166349
rho_op=2.928590533080075
prior_scale=0.20791073300567658
sizeof_bnn=27
Batch_Size=93
Epochs=329
Gamma=0
country=us
early_stopping=False
smooth=True
