Arch=FF
num_layers=2
sizeof_layers=100
batch_norm=True
Ext=-c
kl_anneal=1.3599478715073192
rho_q=0.3048603646289361
rho_op=7.3984248928055605
prior_scale=4.85461298565742
sizeof_bnn=21
Batch_Size=112
Epochs=86
Gamma=0
country=us
early_stopping=False
smooth=True
