Arch=FF
num_layers=2
sizeof_layers=357
batch_norm=True
Ext=-c
kl_anneal=1.8018602935177137
rho_q=7.607591826938035
rho_op=3.703540788383169
prior_scale=3.8327957107008888
sizeof_bnn=40
Batch_Size=65
Epochs=88
Gamma=0
country=us
early_stopping=False
smooth=True
