Arch=FF
num_layers=1
sizeof_layers=228
batch_norm=True
Ext=-c
kl_anneal=4.611174738120146
rho_q=8.477728160061012
rho_op=1.0822388831337415
prior_scale=7.585403836866987
sizeof_bnn=5
Batch_Size=43
Epochs=90
Gamma=0
country=us
early_stopping=False
smooth=True
