Arch=FF
num_layers=2
sizeof_layers=20
batch_norm=True
Ext=-c
kl_anneal=0.25659349777225915
rho_q=9.353574036291354
rho_op=9.41612050391323
prior_scale=8.94603639638427
sizeof_bnn=21
Batch_Size=64
Epochs=100
Gamma=0
country=us
early_stopping=False
smooth=True
