Arch=FF
num_layers=3
sizeof_layers=329
batch_norm=True
Ext=-c
kl_anneal=2.1507227987903716
rho_q=5.358690299628519
rho_op=2.8245869079495027
prior_scale=7.420715637377271
sizeof_bnn=39
Batch_Size=9
Epochs=61
Gamma=14
country=us
early_stopping=False
smooth=True
