Arch=FF
num_layers=3
sizeof_layers=246
batch_norm=True
Ext=-c
kl_anneal=4.868304487836885
rho_q=6.381179499439677
rho_op=9.206761813389416
prior_scale=7.35585841809115
sizeof_bnn=21
Batch_Size=54
Epochs=107
Gamma=0
country=us
early_stopping=False
smooth=True
