Arch=FF
num_layers=2
sizeof_layers=234
batch_norm=True
Ext=-c
kl_anneal=2.6692568971077617
rho_q=1.8958118998563742
rho_op=6.277529702511877
prior_scale=2.442602581601293
sizeof_bnn=13
Batch_Size=28
Epochs=120
Gamma=0
country=us
early_stopping=False
smooth=True
