Arch=FF
num_layers=2
sizeof_layers=96
batch_norm=True
Ext=-c
kl_anneal=4.743769537007037
rho_q=5.467957132325882
rho_op=3.1926469937635966
prior_scale=3.3460157277662055
sizeof_bnn=10
Batch_Size=114
Epochs=89
Gamma=0
country=us
early_stopping=False
smooth=True
