Arch=FF
num_layers=3
sizeof_layers=94
batch_norm=True
Ext=-c
kl_anneal=3.2245771101618455
rho_q=2.910999865176423
rho_op=9.932814545169698
prior_scale=6.711416603582952
sizeof_bnn=14
Batch_Size=90
Epochs=115
Gamma=0
country=us
early_stopping=False
smooth=True
