Arch=FF
num_layers=3
sizeof_layers=374
batch_norm=True
Ext=-c
kl_anneal=0.7086426209369407
rho_q=7.92275459420477
rho_op=6.004097665665133
prior_scale=7.670940886490661
sizeof_bnn=23
Batch_Size=116
Epochs=301
Gamma=0
country=us
early_stopping=False
smooth=True
