Arch=FF
num_layers=3
sizeof_layers=323
batch_norm=True
Ext=-c
kl_anneal=3.780438148758151
rho_q=8.191943273019712
rho_op=3.2698166824573347
prior_scale=1.6999369870079204
sizeof_bnn=17
Batch_Size=112
Epochs=218
Gamma=0
country=us
early_stopping=False
smooth=True
