Arch=FF
num_layers=1
sizeof_layers=243
batch_norm=True
Ext=-c
kl_anneal=1.731145135728516
rho_q=4.241125423306562
rho_op=5.37976551860118
prior_scale=9.42031973341739
sizeof_bnn=6
Batch_Size=50
Epochs=75
Gamma=0
country=us
early_stopping=False
smooth=True
