Arch=FF
num_layers=1
sizeof_layers=105
batch_norm=True
Ext=-c
kl_anneal=0.18398620008078675
rho_q=5.530390850373813
rho_op=3.3500246245050755
prior_scale=1.7166612349059853
sizeof_bnn=5
Batch_Size=110
Epochs=106
Gamma=0
country=us
early_stopping=False
smooth=True
