Arch=FF
num_layers=3
sizeof_layers=70
batch_norm=True
Ext=-c
kl_anneal=2.791050482589334
rho_q=5.414267017137535
rho_op=4.084152643616013
prior_scale=7.463254958704711
sizeof_bnn=14
Batch_Size=125
Epochs=110
Gamma=0
country=us
early_stopping=False
smooth=True
