Arch=FF
num_layers=2
sizeof_layers=58
batch_norm=True
Ext=-c
kl_anneal=0.6491119520343479
rho_q=2.590197508578227
rho_op=9.379733334444959
prior_scale=3.4394130183790024
sizeof_bnn=10
Batch_Size=125
Epochs=121
Gamma=0
country=us
early_stopping=False
smooth=True
