Arch=FF
num_layers=3
sizeof_layers=137
batch_norm=True
Ext=-c
kl_anneal=0.22828526698024162
rho_q=9.925009867265295
rho_op=3.6689092803981818
prior_scale=4.0745413373785295
sizeof_bnn=24
Batch_Size=64
Epochs=100
Gamma=0
country=us
early_stopping=False
smooth=True
