Arch=FF
num_layers=3
sizeof_layers=310
batch_norm=True
Ext=-c
kl_anneal=3.5347374578691846
rho_q=5.8330250394008605
rho_op=9.197303058153826
prior_scale=6.543121500173933
sizeof_bnn=15
Batch_Size=89
Epochs=491
Gamma=0
country=us
early_stopping=False
smooth=True
