Arch=FF
num_layers=3
sizeof_layers=72
batch_norm=True
Ext=-c
kl_anneal=0.6075324674566824
rho_q=1.4616862721083839
rho_op=8.701239768496395
prior_scale=6.389416271510506
sizeof_bnn=3
Batch_Size=123
Epochs=97
Gamma=0
country=us
early_stopping=False
smooth=True
