Arch=FF
num_layers=3
sizeof_layers=282
batch_norm=True
Ext=-c
kl_anneal=1.8294844527585044
rho_q=7.1731156041560205
rho_op=2.2787088000084474
prior_scale=2.9243370853456456
sizeof_bnn=17
Batch_Size=69
Epochs=233
Gamma=0
country=us
early_stopping=False
smooth=True
