Arch=FF
num_layers=1
sizeof_layers=352
batch_norm=True
Ext=-c
kl_anneal=2.4565402316958633
rho_q=5.234085873932163
rho_op=6.926559378631646
prior_scale=5.417348864154711
sizeof_bnn=31
Batch_Size=60
Epochs=88
Gamma=0
country=us
early_stopping=False
smooth=True
