Arch=FF
num_layers=3
sizeof_layers=466
batch_norm=True
Ext=-c
kl_anneal=0.852662881065157
rho_q=0.25142307330382163
rho_op=2.458773038969309
prior_scale=7.291122020598702
sizeof_bnn=25
Batch_Size=34
Epochs=368
Gamma=0
country=us
early_stopping=False
smooth=True
