Arch=FF
num_layers=3
sizeof_layers=273
batch_norm=True
Ext=-c
kl_anneal=4.342262221230362
rho_q=0.5756703306814039
rho_op=0.2850194585496225
prior_scale=2.467610861653059
sizeof_bnn=23
Batch_Size=73
Epochs=220
Gamma=0
country=us
early_stopping=False
smooth=True
