Arch=FF
num_layers=1
sizeof_layers=316
batch_norm=True
Ext=-c
kl_anneal=1.2386286422268715
rho_q=4.919563142731794
rho_op=3.7460139611933663
prior_scale=6.792354356763345
sizeof_bnn=10
Batch_Size=94
Epochs=284
Gamma=0
country=us
early_stopping=False
smooth=True
