Arch=FF
num_layers=3
sizeof_layers=363
batch_norm=True
Ext=-c
kl_anneal=3.5074104979338983
rho_q=2.928977131543945
rho_op=0.3772999785984632
prior_scale=7.8020130816884645
sizeof_bnn=84
Batch_Size=64
Epochs=100
Gamma=0
country=us
early_stopping=False
smooth=True
