Arch=FF
num_layers=3
sizeof_layers=304
batch_norm=True
Ext=-c
kl_anneal=2.4298398713099094
rho_q=9.358499683172207
rho_op=1.5657460619472852
prior_scale=7.8054018250744495
sizeof_bnn=9
Batch_Size=64
Epochs=238
Gamma=0
country=us
early_stopping=False
smooth=True
