Arch=FF
num_layers=2
sizeof_layers=333
batch_norm=True
Ext=-c
kl_anneal=3.13815652552395
rho_q=3.66204183007081
rho_op=0.3232492411722001
prior_scale=2.8056902579969885
sizeof_bnn=28
Batch_Size=92
Epochs=326
Gamma=0
country=us
early_stopping=False
smooth=True
