Arch=FF
num_layers=2
sizeof_layers=253
batch_norm=True
Ext=-c
kl_anneal=1.3320351013168783
rho_q=4.941660961148761
rho_op=1.440847104151426
prior_scale=1.1129481652885336
sizeof_bnn=20
Batch_Size=28
Epochs=99
Gamma=0
country=us
early_stopping=False
smooth=True
