Arch=FF
num_layers=3
sizeof_layers=264
batch_norm=True
Ext=-c
kl_anneal=0.8570985210497957
rho_q=8.13513369768293
rho_op=4.1326673233743225
prior_scale=1.019118068280388
sizeof_bnn=24
Batch_Size=27
Epochs=101
Gamma=0
country=us
early_stopping=False
smooth=True
