Arch=FF
num_layers=1
sizeof_layers=229
batch_norm=True
Ext=-c
kl_anneal=2.647975393202303
rho_q=7.2431642135542464
rho_op=9.464528100392888
prior_scale=8.02020217697413
sizeof_bnn=8
Batch_Size=59
Epochs=215
Gamma=0
country=us
early_stopping=False
smooth=True
