Arch=FF
num_layers=2
sizeof_layers=224
batch_norm=True
Ext=-c
kl_anneal=0.8706551706716403
rho_q=1.8349845010743864
rho_op=7.535555849604054
prior_scale=5.2677781171401605
sizeof_bnn=11
Batch_Size=18
Epochs=106
Gamma=0
country=us
early_stopping=False
smooth=True
