Arch=FF
num_layers=3
sizeof_layers=196
batch_norm=True
Ext=-c
kl_anneal=2.3172516627850555
rho_q=0.5472620771149983
rho_op=4.471191362500563
prior_scale=6.8309855918606885
sizeof_bnn=8
Batch_Size=21
Epochs=117
Gamma=0
country=us
early_stopping=False
smooth=True
