Arch=FF
num_layers=1
sizeof_layers=69
batch_norm=True
Ext=-c
kl_anneal=1.8022290588832903
rho_q=3.9360396233811854
rho_op=1.5588283882138292
prior_scale=7.659584481213703
sizeof_bnn=7
Batch_Size=110
Epochs=102
Gamma=0
country=us
early_stopping=False
smooth=True
