Arch=FF
num_layers=1
sizeof_layers=254
batch_norm=True
Ext=-c
kl_anneal=3.2945058544336927
rho_q=2.4068599753968214
rho_op=0.7234856640547964
prior_scale=3.451976836347004
sizeof_bnn=3
Batch_Size=33
Epochs=94
Gamma=0
country=us
early_stopping=False
smooth=True
