Arch=FF
num_layers=1
sizeof_layers=312
batch_norm=True
Ext=-c
kl_anneal=1.3185068723851927
rho_q=6.6508588161324225
rho_op=8.818693433980668
prior_scale=8.533979671705064
sizeof_bnn=20
Batch_Size=100
Epochs=488
Gamma=0
country=us
early_stopping=False
smooth=True
