Arch=FF
num_layers=2
sizeof_layers=313
batch_norm=True
Ext=-c
kl_anneal=2.4112713243581307
rho_q=7.6649935461417344
rho_op=4.572596394533401
prior_scale=4.628670255633867
sizeof_bnn=97
Batch_Size=124
Epochs=494
Gamma=0
country=us
early_stopping=False
smooth=True
