Arch=FF
num_layers=3
sizeof_layers=271
batch_norm=True
Ext=-c
kl_anneal=2.9701856974974583
rho_q=6.075774234468684
rho_op=4.825134369975122
prior_scale=6.795059988417397
sizeof_bnn=8
Batch_Size=55
Epochs=460
Gamma=14
country=us
early_stopping=False
smooth=True
