Arch=FF
num_layers=2
sizeof_layers=287
batch_norm=True
Ext=-c
kl_anneal=1.8764183420342684
rho_q=5.565297061619415
rho_op=4.016975784054483
prior_scale=6.323882532072813
sizeof_bnn=43
Batch_Size=70
Epochs=297
Gamma=0
country=us
early_stopping=False
smooth=True
