Arch=FF
num_layers=2
sizeof_layers=315
batch_norm=True
Ext=-c
kl_anneal=2.9125448005183543
rho_q=2.3111273991474874
rho_op=5.120406489384541
prior_scale=7.89793397250568
sizeof_bnn=18
Batch_Size=116
Epochs=212
Gamma=0
country=us
early_stopping=False
smooth=True
