Arch=FF
num_layers=1
sizeof_layers=316
batch_norm=True
Ext=-c
kl_anneal=2.913705283829033
rho_q=2.843127862380319
rho_op=4.28730507984195
prior_scale=2.5346711627748477
sizeof_bnn=37
Batch_Size=38
Epochs=335
Gamma=0
country=us
early_stopping=False
smooth=True
