Arch=FF
num_layers=2
sizeof_layers=87
batch_norm=True
Ext=-c
kl_anneal=3.837833949488269
rho_q=8.668649840745953
rho_op=0.6174991296885547
prior_scale=7.1087243802564855
sizeof_bnn=21
Batch_Size=91
Epochs=118
Gamma=0
country=us
early_stopping=False
smooth=True
