Arch=FF
num_layers=1
sizeof_layers=369
batch_norm=True
Ext=-c
kl_anneal=2.440323813112588
rho_q=1.5915020946898615
rho_op=8.901348624721258
prior_scale=8.21584568162747
sizeof_bnn=3
Batch_Size=107
Epochs=273
Gamma=0
country=us
early_stopping=False
smooth=True
