Arch=FF
num_layers=3
sizeof_layers=149
batch_norm=True
Ext=-c
kl_anneal=0.5810717250418727
rho_q=7.586808617607296
rho_op=0.3304311732590544
prior_scale=1.7107142558976127
sizeof_bnn=3
Batch_Size=55
Epochs=201
Gamma=14
country=us
early_stopping=False
smooth=True
