Arch=FF
num_layers=3
sizeof_layers=469
batch_norm=True
Ext=-c
kl_anneal=0.521507402413333
rho_q=2.473582845018117
rho_op=4.901833664662268
prior_scale=7.980427971285192
sizeof_bnn=109
Batch_Size=72
Epochs=166
Gamma=0
country=us
early_stopping=False
smooth=True
