Arch=FF
num_layers=2
sizeof_layers=285
batch_norm=True
Ext=-c
kl_anneal=2.8859576837372174
rho_q=2.3096786590553875
rho_op=4.385968521373227
prior_scale=7.052098523289248
sizeof_bnn=35
Batch_Size=85
Epochs=305
Gamma=14
country=us
early_stopping=False
smooth=True
