Arch=FF
num_layers=2
sizeof_layers=471
batch_norm=True
Ext=-c
kl_anneal=0.914497733470607
rho_q=9.90207640397809
rho_op=0.9963393243736526
prior_scale=5.126719304216356
sizeof_bnn=102
Batch_Size=88
Epochs=169
Gamma=0
country=us
early_stopping=False
smooth=True
