Arch=FF
num_layers=2
sizeof_layers=202
batch_norm=True
Ext=-c
kl_anneal=3.6894763047102654
rho_q=3.8569699723223327
rho_op=2.5780594245193695
prior_scale=4.089645875242654
sizeof_bnn=3
Batch_Size=78
Epochs=116
Gamma=0
country=us
early_stopping=False
smooth=True
