Arch=FF
num_layers=1
sizeof_layers=510
batch_norm=True
Ext=-c
kl_anneal=0.38551616245444287
rho_q=8.078423753347025
rho_op=7.173878798563062
prior_scale=2.5940852939480186
sizeof_bnn=41
Batch_Size=19
Epochs=236
Gamma=0
country=us
early_stopping=False
smooth=True
