Arch=FF
num_layers=2
sizeof_layers=404
batch_norm=True
Ext=-c
kl_anneal=4.977453020339128
rho_q=1.5547375716209408
rho_op=2.658512568729001
prior_scale=9.643310750268567
sizeof_bnn=5
Batch_Size=42
Epochs=442
Gamma=0
country=us
early_stopping=False
smooth=True
