Arch=FF
num_layers=2
sizeof_layers=202
batch_norm=True
Ext=-c
kl_anneal=0.7699669470465241
rho_q=3.6603795091686067
rho_op=8.161521154487339
prior_scale=9.903352007824282
sizeof_bnn=8
Batch_Size=81
Epochs=136
Gamma=0
country=us
early_stopping=False
smooth=True
