Arch=FF
num_layers=1
sizeof_layers=281
batch_norm=True
Ext=-c
kl_anneal=2.5763649516105063
rho_q=4.229146820469887
rho_op=7.846170731831608
prior_scale=7.656290351441239
sizeof_bnn=21
Batch_Size=15
Epochs=352
Gamma=0
country=us
early_stopping=False
smooth=True
