Arch=FF
num_layers=2
sizeof_layers=376
batch_norm=True
Ext=-c
kl_anneal=1.7532755514776643
rho_q=9.850822078884326
rho_op=1.4075376576354321
prior_scale=8.505261810139421
sizeof_bnn=11
Batch_Size=87
Epochs=296
Gamma=0
country=us
early_stopping=False
smooth=True
