Arch=FF
num_layers=3
sizeof_layers=71
batch_norm=True
Ext=-c
kl_anneal=2.752824477538441
rho_q=6.459569359044503
rho_op=7.388818345045347
prior_scale=5.0549138122748944
sizeof_bnn=12
Batch_Size=108
Epochs=109
Gamma=0
country=us
early_stopping=False
smooth=True
