Arch=FF
num_layers=1
sizeof_layers=328
batch_norm=True
Ext=-c
kl_anneal=0.8652251592205706
rho_q=2.0033471790125987
rho_op=7.3150981366793655
prior_scale=9.782863915254934
sizeof_bnn=13
Batch_Size=83
Epochs=374
Gamma=0
country=us
early_stopping=False
smooth=True
