Arch=FF
num_layers=2
sizeof_layers=402
batch_norm=True
Ext=-c
kl_anneal=1.4984197098272545
rho_q=6.92616442586625
rho_op=3.801137032455001
prior_scale=2.319466692373309
sizeof_bnn=23
Batch_Size=7
Epochs=235
Gamma=0
country=us
early_stopping=False
smooth=True
