Arch=FF
num_layers=2
sizeof_layers=232
batch_norm=True
Ext=-c
kl_anneal=3.0404838702307524
rho_q=8.565729018980921
rho_op=6.515576983685904
prior_scale=7.5799846265360715
sizeof_bnn=12
Batch_Size=61
Epochs=197
Gamma=0
country=us
early_stopping=False
smooth=True
