Arch=FF
num_layers=2
sizeof_layers=416
batch_norm=True
Ext=-c
kl_anneal=2.677532717656037
rho_q=8.074297165094384
rho_op=1.0463897635566404
prior_scale=2.9604596023290015
sizeof_bnn=3
Batch_Size=35
Epochs=437
Gamma=0
country=us
early_stopping=False
smooth=True
