Arch=FF
num_layers=2
sizeof_layers=303
batch_norm=True
Ext=-c
kl_anneal=3.377233619519875
rho_q=7.34275835419297
rho_op=6.670423288664567
prior_scale=1.9187352055092965
sizeof_bnn=7
Batch_Size=94
Epochs=298
Gamma=0
country=us
early_stopping=False
smooth=True
