Arch=FF
num_layers=1
sizeof_layers=417
batch_norm=True
Ext=-c
kl_anneal=2.4974472142756565
rho_q=7.500045450181569
rho_op=4.284704055538704
prior_scale=0.01
sizeof_bnn=6
Batch_Size=47
Epochs=440
Gamma=0
country=us
early_stopping=False
smooth=True
