Arch=FF
num_layers=2
sizeof_layers=204
batch_norm=True
Ext=-c
kl_anneal=2.1943504500878634
rho_q=7.760128263138957
rho_op=0.8513062521221727
prior_scale=3.1578529255504986
sizeof_bnn=9
Batch_Size=21
Epochs=111
Gamma=0
country=us
early_stopping=False
smooth=True
