Arch=FF
num_layers=3
sizeof_layers=375
batch_norm=True
Ext=-c
kl_anneal=0.6120368317884198
rho_q=7.766132837594316
rho_op=5.265017852564306
prior_scale=4.000481832702227
sizeof_bnn=13
Batch_Size=90
Epochs=277
Gamma=0
country=us
early_stopping=False
smooth=True
