Arch=FF
num_layers=1
sizeof_layers=161
batch_norm=True
Ext=-c
kl_anneal=4.33766760551278
rho_q=2.5033914459543363
rho_op=6.279899888030735
prior_scale=9.30675111372945
sizeof_bnn=104
Batch_Size=57
Epochs=331
Gamma=0
country=us
early_stopping=False
smooth=True
