Arch=FF
num_layers=1
sizeof_layers=160
batch_norm=True
Ext=-c
kl_anneal=1.5550428036980735
rho_q=9.574882525716225
rho_op=2.792776972825956
prior_scale=0.044324326611462475
sizeof_bnn=92
Batch_Size=54
Epochs=261
Gamma=0
country=us
early_stopping=False
smooth=True
