Arch=FF
num_layers=1
sizeof_layers=76
batch_norm=True
Ext=-c
kl_anneal=4.183413554474684
rho_q=8.683862396746482
rho_op=2.968013336920706
prior_scale=6.687702474340174
sizeof_bnn=15
Batch_Size=85
Epochs=120
Gamma=0
country=us
early_stopping=False
smooth=True
