Arch=FF
num_layers=1
sizeof_layers=381
batch_norm=True
Ext=-c
kl_anneal=1.7614858180994413
rho_q=1.5534582274095377
rho_op=5.91161831234775
prior_scale=7.46480147341005
sizeof_bnn=8
Batch_Size=116
Epochs=283
Gamma=0
country=us
early_stopping=False
smooth=True
