Arch=FF
num_layers=2
sizeof_layers=316
batch_norm=True
Ext=-c
kl_anneal=0.38500610696244897
rho_q=2.546305934133849
rho_op=4.652844607441165
prior_scale=3.0307111425957465
sizeof_bnn=83
Batch_Size=66
Epochs=498
Gamma=14
country=us
early_stopping=False
smooth=True
