Arch=FF
num_layers=3
sizeof_layers=99
batch_norm=True
Ext=-c
kl_anneal=2.235745450213476
rho_q=6.275487222730096
rho_op=7.799493453022426
prior_scale=9.29813475295531
sizeof_bnn=13
Batch_Size=118
Epochs=105
Gamma=0
country=us
early_stopping=False
smooth=True
