Arch=FF
num_layers=1
sizeof_layers=209
batch_norm=True
Ext=-c
kl_anneal=4.415588182659288
rho_q=1.375009463929445
rho_op=5.070919877422178
prior_scale=3.0044574878614108
sizeof_bnn=8
Batch_Size=24
Epochs=238
Gamma=14
country=us
early_stopping=False
smooth=True
