Arch=FF
num_layers=3
sizeof_layers=111
batch_norm=True
Ext=-c
kl_anneal=4.258288154696764
rho_q=0.3135305832241357
rho_op=2.8764482391584574
prior_scale=6.775272504566837
sizeof_bnn=13
Batch_Size=86
Epochs=99
Gamma=0
country=us
early_stopping=False
smooth=True
