Arch=FF
num_layers=2
sizeof_layers=89
batch_norm=True
Ext=-c
kl_anneal=3.797805194442737
rho_q=9.672115271930313
rho_op=8.261055869977477
prior_scale=9.356290963632265
sizeof_bnn=7
Batch_Size=116
Epochs=109
Gamma=0
country=us
early_stopping=False
smooth=True
