Arch=FF
num_layers=1
sizeof_layers=295
batch_norm=True
Ext=-c
kl_anneal=1.5469740658605988
rho_q=5.285897985148039
rho_op=1.6724455110562626
prior_scale=6.407538182053381
sizeof_bnn=37
Batch_Size=70
Epochs=301
Gamma=0
country=us
early_stopping=False
smooth=True
