Arch=FF
num_layers=3
sizeof_layers=242
batch_norm=True
Ext=-c
kl_anneal=1.427735184543582
rho_q=5.273707099154933
rho_op=1.1086927278018144
prior_scale=0.21655898968125417
sizeof_bnn=15
Batch_Size=55
Epochs=216
Gamma=0
country=us
early_stopping=False
smooth=True
