Arch=FF
num_layers=1
sizeof_layers=270
batch_norm=True
Ext=-c
kl_anneal=3.826600489774898
rho_q=9.53859412732987
rho_op=6.885062201841192
prior_scale=0.8925147435983626
sizeof_bnn=2
Batch_Size=64
Epochs=100
Gamma=0
country=us
early_stopping=False
smooth=True
