Arch=FF
num_layers=3
sizeof_layers=221
batch_norm=True
Ext=-c
kl_anneal=2.743006154781413
rho_q=2.032592486397784
rho_op=0.951711368332354
prior_scale=5.959310534473606
sizeof_bnn=11
Batch_Size=34
Epochs=100
Gamma=0
country=us
early_stopping=False
smooth=True
