Arch=FF
num_layers=3
sizeof_layers=299
batch_norm=True
Ext=-c
kl_anneal=2.7625522720094673
rho_q=1.3867029924921437
rho_op=6.804846032422242
prior_scale=1.1064096449452772
sizeof_bnn=2
Batch_Size=66
Epochs=236
Gamma=0
country=us
early_stopping=False
smooth=True
