Arch=FF
num_layers=3
sizeof_layers=341
batch_norm=True
Ext=-c
kl_anneal=0.13893914029391496
rho_q=5.707669884903319
rho_op=7.460740142120973
prior_scale=7.81565075259865
sizeof_bnn=15
Batch_Size=57
Epochs=322
Gamma=14
country=us
early_stopping=False
smooth=True
