Arch=FF
num_layers=1
sizeof_layers=256
batch_norm=True
Ext=-c
kl_anneal=3.3947102109177205
rho_q=9.012878971485577
rho_op=8.43484946212088
prior_scale=3.9459822744364645
sizeof_bnn=10
Batch_Size=21
Epochs=91
Gamma=14
country=us
early_stopping=False
smooth=True
