Arch=FF
num_layers=3
sizeof_layers=308
batch_norm=True
Ext=-c
kl_anneal=3.474519678722659
rho_q=3.2181748491890403
rho_op=6.354838170696703
prior_scale=1.6925312486801454
sizeof_bnn=5
Batch_Size=68
Epochs=250
Gamma=0
country=us
early_stopping=False
smooth=True
