Arch=FF
num_layers=2
sizeof_layers=318
batch_norm=True
Ext=-c
kl_anneal=2.5546929234482505
rho_q=3.4666096483142566
rho_op=9.524141141651713
prior_scale=6.016974847701762
sizeof_bnn=15
Batch_Size=74
Epochs=312
Gamma=14
country=us
early_stopping=False
smooth=True
