Arch=FF
num_layers=1
sizeof_layers=195
batch_norm=True
Ext=-c
kl_anneal=4.6204696109314405
rho_q=2.6886685283658047
rho_op=3.988127606406281
prior_scale=4.199383391385172
sizeof_bnn=88
Batch_Size=68
Epochs=61
Gamma=0
country=us
early_stopping=False
smooth=True
