Arch=FF
num_layers=3
sizeof_layers=192
batch_norm=True
Ext=-c
kl_anneal=0.5255962999823269
rho_q=8.909847335254378
rho_op=9.495055812887305
prior_scale=4.528820789429176
sizeof_bnn=127
Batch_Size=74
Epochs=378
Gamma=14
country=us
early_stopping=False
smooth=True
