Arch=FF
num_layers=2
sizeof_layers=80
batch_norm=True
Ext=-c
kl_anneal=3.898623816198715
rho_q=2.5052026005689445
rho_op=0.3469569448566714
prior_scale=0.2565449262423892
sizeof_bnn=12
Batch_Size=122
Epochs=102
Gamma=0
country=us
early_stopping=False
smooth=True
