Arch=FF
num_layers=1
sizeof_layers=268
batch_norm=True
Ext=-c
kl_anneal=0.9195599519575705
rho_q=4.138912229861686
rho_op=4.573674870891946
prior_scale=6.584500215784565
sizeof_bnn=73
Batch_Size=72
Epochs=378
Gamma=14
country=us
early_stopping=False
smooth=True
