Arch=FF
num_layers=2
sizeof_layers=363
batch_norm=True
Ext=-c
kl_anneal=4.030494371996688
rho_q=2.767337048383142
rho_op=6.311458352419812
prior_scale=2.6090586036528207
sizeof_bnn=20
Batch_Size=87
Epochs=288
Gamma=0
country=us
early_stopping=False
smooth=True
