Arch=FF
num_layers=3
sizeof_layers=263
batch_norm=True
Ext=-c
kl_anneal=0.1850098836052219
rho_q=8.079784174937464
rho_op=9.827342663970526
prior_scale=0.1993601585393962
sizeof_bnn=20
Batch_Size=64
Epochs=100
Gamma=0
country=us
early_stopping=False
smooth=True
