Arch=FF
num_layers=2
sizeof_layers=349
batch_norm=True
Ext=-c
kl_anneal=3.3896035775378146
rho_q=1.7521522251045976
rho_op=2.2802532434023908
prior_scale=6.124497908977685
sizeof_bnn=47
Batch_Size=49
Epochs=305
Gamma=0
country=us
early_stopping=False
smooth=True
