Arch=FF
num_layers=3
sizeof_layers=320
batch_norm=True
Ext=-c
kl_anneal=3.675370975239368
rho_q=9.290321531935247
rho_op=2.3396561012327806
prior_scale=5.706003839972456
sizeof_bnn=12
Batch_Size=119
Epochs=232
Gamma=0
country=us
early_stopping=False
smooth=True
