Arch=FF
num_layers=2
sizeof_layers=477
batch_norm=True
Ext=-c
kl_anneal=3.1353786353261217
rho_q=3.9601306728656542
rho_op=2.5187903832975445
prior_scale=6.115839538119458
sizeof_bnn=102
Batch_Size=68
Epochs=177
Gamma=0
country=us
early_stopping=False
smooth=True
