Arch=FF
num_layers=1
sizeof_layers=382
batch_norm=True
Ext=-c
kl_anneal=1.1178977775931158
rho_q=9.84092994891924
rho_op=9.851088084816626
prior_scale=0.20663378012715022
sizeof_bnn=8
Batch_Size=107
Epochs=304
Gamma=0
country=us
early_stopping=False
smooth=True
