Arch=FF
num_layers=1
sizeof_layers=315
batch_norm=True
Ext=-c
kl_anneal=2.380107132201725
rho_q=2.724302222235726
rho_op=3.8727016581711036
prior_scale=6.802157553588404
sizeof_bnn=4
Batch_Size=64
Epochs=232
Gamma=0
country=us
early_stopping=False
smooth=True
