Arch=FF
num_layers=1
sizeof_layers=333
batch_norm=True
Ext=-c
kl_anneal=3.154949933523246
rho_q=8.955276294103122
rho_op=5.59976113861366
prior_scale=0.07392455725785786
sizeof_bnn=16
Batch_Size=73
Epochs=367
Gamma=0
country=us
early_stopping=False
smooth=True
