Arch=FF
num_layers=1
sizeof_layers=243
batch_norm=True
Ext=-c
kl_anneal=0.5147673519928521
rho_q=3.015742584064876
rho_op=2.469556602336417
prior_scale=2.129742608793459
sizeof_bnn=12
Batch_Size=68
Epochs=204
Gamma=0
country=us
early_stopping=False
smooth=True
