Arch=FF
num_layers=1
sizeof_layers=309
batch_norm=True
Ext=-c
kl_anneal=1.1721372168911717
rho_q=3.1990949380515876
rho_op=7.035971428008768
prior_scale=0.6657378018190337
sizeof_bnn=3
Batch_Size=62
Epochs=242
Gamma=0
country=us
early_stopping=False
smooth=True
