Arch=FF
num_layers=3
sizeof_layers=354
batch_norm=True
Ext=-c
kl_anneal=0.7130239724609966
rho_q=4.562572564710445
rho_op=4.724771164568143
prior_scale=5.550391549075525
sizeof_bnn=37
Batch_Size=66
Epochs=71
Gamma=0
country=us
early_stopping=False
smooth=True
