Arch=FF
num_layers=1
sizeof_layers=446
batch_norm=True
Ext=-c
kl_anneal=4.852714570959326
rho_q=9.56651008747361
rho_op=1.265289170331869
prior_scale=0.3042148000194067
sizeof_bnn=8
Batch_Size=44
Epochs=434
Gamma=0
country=us
early_stopping=False
smooth=True
