Arch=FF
num_layers=1
sizeof_layers=376
batch_norm=True
Ext=-c
kl_anneal=0.5264900388569708
rho_q=0.836939433184377
rho_op=6.459392317153142
prior_scale=4.315264701315587
sizeof_bnn=16
Batch_Size=82
Epochs=284
Gamma=0
country=us
early_stopping=False
smooth=True
