Arch=FF
num_layers=1
sizeof_layers=250
batch_norm=True
Ext=-c
kl_anneal=4.7050434835324
rho_q=8.880100126183947
rho_op=4.619799594737467
prior_scale=9.761476448303497
sizeof_bnn=3
Batch_Size=64
Epochs=100
Gamma=0
country=us
early_stopping=False
smooth=True
