Arch=FF
num_layers=1
sizeof_layers=375
batch_norm=True
Ext=-c
kl_anneal=1.2942654449016633
rho_q=2.7819098271284233
rho_op=3.7830606478956876
prior_scale=0.7018737678463804
sizeof_bnn=19
Batch_Size=126
Epochs=311
Gamma=0
country=us
early_stopping=False
smooth=True
