Arch=FF
num_layers=3
sizeof_layers=304
batch_norm=True
Ext=-c
kl_anneal=4.041837395619495
rho_q=4.823073137657212
rho_op=5.75014751092346
prior_scale=9.100357950887116
sizeof_bnn=30
Batch_Size=126
Epochs=231
Gamma=0
country=us
early_stopping=False
smooth=True
