Arch=FF
num_layers=2
sizeof_layers=252
batch_norm=True
Ext=-c
kl_anneal=3.111970898440204
rho_q=4.729413029212951
rho_op=6.499070647094178
prior_scale=1.6059820298153737
sizeof_bnn=17
Batch_Size=56
Epochs=209
Gamma=0
country=us
early_stopping=False
smooth=True
