Arch=FF
num_layers=1
sizeof_layers=321
batch_norm=True
Ext=-c
kl_anneal=0.9713015089653216
rho_q=10.0
rho_op=2.9028711499255513
prior_scale=7.190702773454154
sizeof_bnn=7
Batch_Size=99
Epochs=281
Gamma=0
country=us
early_stopping=False
smooth=True
