Arch=FF
num_layers=3
sizeof_layers=121
batch_norm=True
Ext=-c
kl_anneal=2.293989543774991
rho_q=7.785509347684717
rho_op=8.943380548135533
prior_scale=4.402810163440878
sizeof_bnn=7
Batch_Size=90
Epochs=63
Gamma=0
country=us
early_stopping=False
smooth=True
