Arch=FF
num_layers=3
sizeof_layers=378
batch_norm=True
Ext=-c
kl_anneal=4.292043520184773
rho_q=8.596080680369978
rho_op=9.674927513507109
prior_scale=7.979024425091565
sizeof_bnn=13
Batch_Size=112
Epochs=304
Gamma=0
country=us
early_stopping=False
smooth=True
