Arch=FF
num_layers=2
sizeof_layers=238
batch_norm=True
Ext=-c
kl_anneal=3.4813867584537257
rho_q=3.3293193948152724
rho_op=1.1570215453563926
prior_scale=7.322579306122689
sizeof_bnn=14
Batch_Size=47
Epochs=81
Gamma=0
country=us
early_stopping=False
smooth=True
