Arch=FF
num_layers=2
sizeof_layers=150
batch_norm=True
Ext=-c
kl_anneal=1.1326434555713347
rho_q=4.00199371201388
rho_op=2.114656920355246
prior_scale=0.14428740213953295
sizeof_bnn=5
Batch_Size=25
Epochs=178
Gamma=0
country=us
early_stopping=False
smooth=True
