Arch=FF
num_layers=2
sizeof_layers=325
batch_norm=True
Ext=-c
kl_anneal=3.585029670343833
rho_q=5.896378810075664
rho_op=8.773475701134796
prior_scale=5.936365592098874
sizeof_bnn=16
Batch_Size=114
Epochs=226
Gamma=0
country=us
early_stopping=False
smooth=True
