Arch=FF
num_layers=2
sizeof_layers=299
batch_norm=True
Ext=-c
kl_anneal=3.181329713933434
rho_q=3.442307661082182
rho_op=2.2016883715176587
prior_scale=8.257549916828742
sizeof_bnn=13
Batch_Size=72
Epochs=211
Gamma=0
country=us
early_stopping=False
smooth=True
