Arch=FF
num_layers=1
sizeof_layers=496
batch_norm=True
Ext=-c
kl_anneal=1.5534484842422507
rho_q=7.953454620689689
rho_op=5.393861921386989
prior_scale=1.1945312789346785
sizeof_bnn=55
Batch_Size=18
Epochs=56
Gamma=0
country=us
early_stopping=False
smooth=True
