Arch=FF
num_layers=3
sizeof_layers=181
batch_norm=True
Ext=-c
kl_anneal=0.915952383592834
rho_q=3.7561894078102327
rho_op=5.955595033534494
prior_scale=5.405512544296044
sizeof_bnn=95
Batch_Size=93
Epochs=83
Gamma=14
country=us
early_stopping=False
smooth=True
