Arch=FF
num_layers=1
sizeof_layers=97
batch_norm=True
Ext=-c
kl_anneal=3.190493823277231
rho_q=2.139258974849263
rho_op=5.267317704036941
prior_scale=6.001033043669598
sizeof_bnn=10
Batch_Size=98
Epochs=119
Gamma=0
country=us
early_stopping=False
smooth=True
