Arch=FF
num_layers=3
sizeof_layers=242
batch_norm=True
Ext=-c
kl_anneal=2.7788148579997314
rho_q=3.837070848683744
rho_op=4.050846918571336
prior_scale=1.9843033433614317
sizeof_bnn=7
Batch_Size=70
Epochs=187
Gamma=0
country=us
early_stopping=False
smooth=True
