Arch=FF
num_layers=3
sizeof_layers=73
batch_norm=True
Ext=-c
kl_anneal=1.606452330662919
rho_q=8.658137429702117
rho_op=9.71066719591469
prior_scale=0.2002822757202232
sizeof_bnn=22
Batch_Size=112
Epochs=96
Gamma=0
country=us
early_stopping=False
smooth=True
