Arch=FF
num_layers=2
sizeof_layers=260
batch_norm=True
Ext=-c
kl_anneal=1.234071459367368
rho_q=3.024173329189961
rho_op=5.863529541623687
prior_scale=0.4168494395675498
sizeof_bnn=48
Batch_Size=85
Epochs=62
Gamma=0
country=us
early_stopping=False
smooth=True
