Arch=FF
num_layers=2
sizeof_layers=183
batch_norm=True
Ext=-c
kl_anneal=2.8039594782173625
rho_q=0.18025873045433422
rho_op=1.6444043128488455
prior_scale=5.127811004210755
sizeof_bnn=32
Batch_Size=59
Epochs=399
Gamma=0
country=us
early_stopping=False
smooth=True
