Arch=FF
num_layers=2
sizeof_layers=230
batch_norm=True
Ext=-c
kl_anneal=4.733447785229051
rho_q=2.9336840754986406
rho_op=7.851355883868112
prior_scale=2.3815064107747026
sizeof_bnn=10
Batch_Size=39
Epochs=347
Gamma=14
country=us
early_stopping=False
smooth=True
