Arch=FF
num_layers=2
sizeof_layers=442
batch_norm=True
Ext=-c
kl_anneal=2.6944874957536347
rho_q=9.781138989589575
rho_op=2.1073418125263537
prior_scale=0.29274655346506523
sizeof_bnn=15
Batch_Size=64
Epochs=100
Gamma=0
country=us
early_stopping=False
smooth=True
