Arch=FF
num_layers=2
sizeof_layers=200
batch_norm=True
Ext=-c
kl_anneal=3.6404689913110393
rho_q=4.067075485157435
rho_op=8.065235924690453
prior_scale=8.552004273929407
sizeof_bnn=2
Batch_Size=78
Epochs=127
Gamma=0
country=us
early_stopping=False
smooth=True
