Arch=FF
num_layers=1
sizeof_layers=188
batch_norm=True
Ext=-c
kl_anneal=2.5344046355431193
rho_q=9.375963559166596
rho_op=3.58576739569894
prior_scale=8.90826924527048
sizeof_bnn=22
Batch_Size=64
Epochs=100
Gamma=0
country=us
early_stopping=False
smooth=True
