Arch=FF
num_layers=4
sizeof_layers=261
batch_norm=True
Ext=-c
kl_anneal=3.8163206740317936
rho_q=8.981491607560615
rho_op=7.086847124929737
prior_scale=6.6005932521925486
sizeof_bnn=9
Batch_Size=52
Epochs=455
Gamma=14
country=us
early_stopping=False
smooth=True
