Arch=FF
num_layers=3
sizeof_layers=333
batch_norm=True
Ext=-c
kl_anneal=1.3104280170088882
rho_q=9.799729940595522
rho_op=6.385587432040273
prior_scale=1.1125728093399552
sizeof_bnn=35
Batch_Size=18
Epochs=69
Gamma=14
country=us
early_stopping=False
smooth=True
