Arch=FF
num_layers=3
sizeof_layers=213
batch_norm=True
Ext=-c
kl_anneal=1.45917283036484
rho_q=2.336968906518725
rho_op=7.451735805222195
prior_scale=1.5951579990955251
sizeof_bnn=39
Batch_Size=82
Epochs=65
Gamma=0
country=us
early_stopping=False
smooth=True
