Arch=FF
num_layers=1
sizeof_layers=362
batch_norm=True
Ext=-c
kl_anneal=2.617143135579848
rho_q=5.211977957966089
rho_op=7.352304468930602
prior_scale=3.63817074144916
sizeof_bnn=34
Batch_Size=88
Epochs=293
Gamma=0
country=us
early_stopping=False
smooth=True
