Arch=FF
num_layers=2
sizeof_layers=83
batch_norm=True
Ext=-c
kl_anneal=4.015337228792083
rho_q=6.370776937224291
rho_op=3.1879765575659835
prior_scale=6.803758070822115
sizeof_bnn=8
Batch_Size=120
Epochs=91
Gamma=0
country=us
early_stopping=False
smooth=True
