Arch=FF
num_layers=3
sizeof_layers=199
batch_norm=True
Ext=-c
kl_anneal=4.793276975631343
rho_q=2.7065923986053604
rho_op=7.350958561932358
prior_scale=1.511533052689209
sizeof_bnn=21
Batch_Size=40
Epochs=230
Gamma=0
country=us
early_stopping=False
smooth=True
