Arch=FF
num_layers=1
sizeof_layers=429
batch_norm=True
Ext=-c
kl_anneal=2.3763633374043427
rho_q=8.609498801209519
rho_op=3.568093370678265
prior_scale=4.214161912259226
sizeof_bnn=55
Batch_Size=45
Epochs=378
Gamma=14
country=us
early_stopping=False
smooth=True
