Arch=FF
num_layers=2
sizeof_layers=356
batch_norm=True
Ext=-c
kl_anneal=2.4125178340003397
rho_q=7.130725166182848
rho_op=1.82177295282692
prior_scale=6.6280371890739636
sizeof_bnn=41
Batch_Size=72
Epochs=72
Gamma=0
country=us
early_stopping=False
smooth=True
