Arch=FF
num_layers=3
sizeof_layers=237
batch_norm=True
Ext=-c
kl_anneal=4.185678874026624
rho_q=9.82179663668989
rho_op=6.130403757017007
prior_scale=2.1109712696667726
sizeof_bnn=10
Batch_Size=25
Epochs=93
Gamma=0
country=us
early_stopping=False
smooth=True
