Arch=FF
num_layers=3
sizeof_layers=413
batch_norm=True
Ext=-c
kl_anneal=3.3685130877210407
rho_q=0.5688789789526915
rho_op=4.203001852632332
prior_scale=0.056055260049951205
sizeof_bnn=92
Batch_Size=54
Epochs=135
Gamma=14
country=us
early_stopping=False
smooth=True
