Arch=FF
num_layers=3
sizeof_layers=135
batch_norm=True
Ext=-c
kl_anneal=1.0398117952969295
rho_q=7.8587515347046475
rho_op=0.18672376084194026
prior_scale=8.882032224640039
sizeof_bnn=79
Batch_Size=64
Epochs=100
Gamma=0
country=us
early_stopping=False
smooth=True
