Arch=FF
num_layers=3
sizeof_layers=43
batch_norm=True
Ext=-c
kl_anneal=2.113746993347421
rho_q=7.366258933201199
rho_op=4.19674963612902
prior_scale=9.118626796673919
sizeof_bnn=10
Batch_Size=71
Epochs=225
Gamma=14
country=us
early_stopping=False
smooth=True
