Arch=FF
num_layers=1
sizeof_layers=303
batch_norm=True
Ext=-c
kl_anneal=2.070787764572546
rho_q=3.818205263333323
rho_op=7.3432556031572975
prior_scale=3.2538208827879567
sizeof_bnn=7
Batch_Size=66
Epochs=243
Gamma=0
country=us
early_stopping=False
smooth=True
