Arch=FF
num_layers=3
sizeof_layers=369
batch_norm=True
Ext=-c
kl_anneal=2.8190711491130758
rho_q=9.040308292498073
rho_op=1.0208260840184915
prior_scale=7.408380051725725
sizeof_bnn=31
Batch_Size=39
Epochs=258
Gamma=14
country=us
early_stopping=False
smooth=True
