Arch=FF
num_layers=3
sizeof_layers=130
batch_norm=True
Ext=-c
kl_anneal=2.4714668192770217
rho_q=6.189050578931378
rho_op=1.6752121503560211
prior_scale=4.355881202670993
sizeof_bnn=29
Batch_Size=116
Epochs=54
Gamma=0
country=us
early_stopping=False
smooth=True
