Arch=FF
num_layers=1
sizeof_layers=208
batch_norm=True
Ext=-c
kl_anneal=4.977677104499574
rho_q=6.613099140663296
rho_op=5.5971056339076775
prior_scale=9.97729426861919
sizeof_bnn=8
Batch_Size=27
Epochs=116
Gamma=0
country=us
early_stopping=False
smooth=True
