Arch=FF
num_layers=3
sizeof_layers=368
batch_norm=True
Ext=-c
kl_anneal=1.4761757978243484
rho_q=0.33403693693276254
rho_op=2.758719707484161
prior_scale=5.544507779945141
sizeof_bnn=11
Batch_Size=117
Epochs=318
Gamma=0
country=us
early_stopping=False
smooth=True
