Arch=FF
num_layers=2
sizeof_layers=223
batch_norm=True
Ext=-c
kl_anneal=4.227620656539302
rho_q=4.960253046887305
rho_op=7.99147201963113
prior_scale=0.8035503380578648
sizeof_bnn=16
Batch_Size=13
Epochs=90
Gamma=0
country=us
early_stopping=False
smooth=True
