Arch=FF
num_layers=2
sizeof_layers=196
batch_norm=True
Ext=-c
kl_anneal=2.5244770119393958
rho_q=4.784285463040907
rho_op=3.642527245004976
prior_scale=4.7529912669732255
sizeof_bnn=21
Batch_Size=50
Epochs=231
Gamma=0
country=us
early_stopping=False
smooth=True
