Arch=FF
num_layers=3
sizeof_layers=390
batch_norm=True
Ext=-c
kl_anneal=1.1060205655067787
rho_q=6.70061984358965
rho_op=6.884268793068825
prior_scale=2.974462728370261
sizeof_bnn=124
Batch_Size=58
Epochs=96
Gamma=14
country=us
early_stopping=False
smooth=True
