Arch=FF
num_layers=3
sizeof_layers=192
batch_norm=True
Ext=-c
kl_anneal=2.886360026892249
rho_q=9.883225271307053
rho_op=3.3652653009466826
prior_scale=3.8097186815877424
sizeof_bnn=40
Batch_Size=57
Epochs=448
Gamma=0
country=us
early_stopping=False
smooth=True
