Arch=FF
num_layers=1
sizeof_layers=214
batch_norm=True
Ext=-c
kl_anneal=4.133201699336305
rho_q=1.8739280651299692
rho_op=5.981937731244944
prior_scale=3.850701569389274
sizeof_bnn=4
Batch_Size=79
Epochs=149
Gamma=0
country=us
early_stopping=False
smooth=True
