Arch=FF
num_layers=3
sizeof_layers=81
batch_norm=True
Ext=-c
kl_anneal=0.4430896140286654
rho_q=7.755730156333789
rho_op=3.5554788208872377
prior_scale=2.3203899399843886
sizeof_bnn=21
Batch_Size=123
Epochs=112
Gamma=0
country=us
early_stopping=False
smooth=True
