Arch=FF
num_layers=3
sizeof_layers=203
batch_norm=True
Ext=-c
kl_anneal=0.8684308007807134
rho_q=2.2069585080949428
rho_op=7.195327804652697
prior_scale=1.7767145108096007
sizeof_bnn=23
Batch_Size=25
Epochs=107
Gamma=0
country=us
early_stopping=False
smooth=True
