Arch=FF
num_layers=1
sizeof_layers=243
batch_norm=True
Ext=-c
kl_anneal=0.38091483799798964
rho_q=6.28563528490231
rho_op=5.62564680816919
prior_scale=9.871409263896593
sizeof_bnn=11
Batch_Size=36
Epochs=81
Gamma=0
country=us
early_stopping=False
smooth=True
