Arch=FF
num_layers=1
sizeof_layers=68
batch_norm=True
Ext=-c
kl_anneal=0.2567446800027148
rho_q=2.139411219633823
rho_op=9.313114611752178
prior_scale=3.0375339727568185
sizeof_bnn=7
Batch_Size=100
Epochs=128
Gamma=0
country=us
early_stopping=False
smooth=True
