Arch=FF
num_layers=4
sizeof_layers=194
batch_norm=True
Ext=-c
kl_anneal=2.6565890112009725
rho_q=10.0
rho_op=5.737366591099655
prior_scale=4.509526547392628
sizeof_bnn=8
Batch_Size=22
Epochs=89
Gamma=0
country=us
early_stopping=False
smooth=True
