Arch=FF
num_layers=3
sizeof_layers=232
batch_norm=True
Ext=-c
kl_anneal=2.6995484563534946
rho_q=3.800697544987329
rho_op=8.722423293527894
prior_scale=9.684819424961903
sizeof_bnn=9
Batch_Size=16
Epochs=89
Gamma=0
country=us
early_stopping=False
smooth=True
