Arch=FF
num_layers=1
sizeof_layers=200
batch_norm=True
Ext=-c
kl_anneal=4.978454438950991
rho_q=7.419234111731003
rho_op=0.9038883062100701
prior_scale=0.4841890004811453
sizeof_bnn=11
Batch_Size=83
Epochs=122
Gamma=0
country=us
early_stopping=False
smooth=True
