Arch=FF
num_layers=1
sizeof_layers=148
batch_norm=True
Ext=-c
kl_anneal=1.6267479835356171
rho_q=4.776162233658514
rho_op=6.273822348696277
prior_scale=5.575950528207622
sizeof_bnn=23
Batch_Size=32
Epochs=165
Gamma=0
country=us
early_stopping=False
smooth=True
