Arch=FF
num_layers=3
sizeof_layers=103
batch_norm=True
Ext=-c
kl_anneal=1.4464859368474836
rho_q=2.5704198160136484
rho_op=7.100981594414352
prior_scale=4.160143406008824
sizeof_bnn=31
Batch_Size=102
Epochs=132
Gamma=0
country=us
early_stopping=False
smooth=True
