Arch=FF
num_layers=3
sizeof_layers=356
batch_norm=True
Ext=-c
kl_anneal=0.24978748363893138
rho_q=9.528897517359269
rho_op=1.0749496671261578
prior_scale=1.9945014697391386
sizeof_bnn=25
Batch_Size=54
Epochs=71
Gamma=0
country=us
early_stopping=False
smooth=True
