Arch=FF
num_layers=2
sizeof_layers=227
batch_norm=True
Ext=-c
kl_anneal=0.8925705024212208
rho_q=4.691192176559143
rho_op=6.050404632038027
prior_scale=5.802754298561949
sizeof_bnn=20
Batch_Size=29
Epochs=107
Gamma=0
country=us
early_stopping=False
smooth=True
