Arch=FF
num_layers=3
sizeof_layers=370
batch_norm=True
Ext=-c
kl_anneal=4.549562080698781
rho_q=9.75847778131192
rho_op=4.118924911306921
prior_scale=2.4365627137071892
sizeof_bnn=8
Batch_Size=121
Epochs=268
Gamma=0
country=us
early_stopping=False
smooth=True
