Arch=FF
num_layers=3
sizeof_layers=105
batch_norm=True
Ext=-c
kl_anneal=0.49282539296392935
rho_q=6.030132628997353
rho_op=3.7307555048551166
prior_scale=5.518233472314634
sizeof_bnn=8
Batch_Size=108
Epochs=112
Gamma=0
country=us
early_stopping=False
smooth=True
