Arch=FF
num_layers=1
sizeof_layers=404
batch_norm=True
Ext=-c
kl_anneal=2.2346742350251727
rho_q=2.3715636930104247
rho_op=2.6514376042120738
prior_scale=1.1770813599549745
sizeof_bnn=87
Batch_Size=11
Epochs=490
Gamma=0
country=us
early_stopping=False
smooth=True
