Arch=FF
num_layers=1
sizeof_layers=125
batch_norm=True
Ext=-c
kl_anneal=1.717380554528862
rho_q=3.766291990340476
rho_op=8.15517416162428
prior_scale=2.1317895852742312
sizeof_bnn=32
Batch_Size=107
Epochs=56
Gamma=0
country=us
early_stopping=False
smooth=True
