Arch=FF
num_layers=1
sizeof_layers=240
batch_norm=True
Ext=-c
kl_anneal=1.0713915658444262
rho_q=9.161218338494642
rho_op=6.883249028949719
prior_scale=9.063141520535824
sizeof_bnn=11
Batch_Size=32
Epochs=86
Gamma=0
country=us
early_stopping=False
smooth=True
