Arch=FF
num_layers=3
sizeof_layers=282
batch_norm=True
Ext=-c
kl_anneal=1.668609609439483
rho_q=1.6128758601988709
rho_op=0.4007355045744363
prior_scale=0.6876797965943057
sizeof_bnn=36
Batch_Size=69
Epochs=291
Gamma=0
country=us
early_stopping=False
smooth=True
