Arch=FF
num_layers=3
sizeof_layers=252
batch_norm=True
Ext=-c
kl_anneal=1.6472855489230904
rho_q=6.346148936511475
rho_op=2.815211570412664
prior_scale=8.105048183641822
sizeof_bnn=43
Batch_Size=80
Epochs=395
Gamma=0
country=us
early_stopping=False
smooth=True
