Arch=FF
num_layers=3
sizeof_layers=412
batch_norm=True
Ext=-c
kl_anneal=1.1385028783548738
rho_q=7.96374150365916
rho_op=2.442724190071991
prior_scale=1.10990053553663
sizeof_bnn=16
Batch_Size=11
Epochs=227
Gamma=0
country=us
early_stopping=False
smooth=True
