Arch=FF
num_layers=3
sizeof_layers=142
batch_norm=True
Ext=-c
kl_anneal=2.360539607899139
rho_q=2.2437222419177725
rho_op=2.1428674472593428
prior_scale=1.51056432414267
sizeof_bnn=123
Batch_Size=25
Epochs=466
Gamma=14
country=us
early_stopping=False
smooth=True
