Arch=FF
num_layers=1
sizeof_layers=359
batch_norm=True
Ext=-c
kl_anneal=3.3673242906911907
rho_q=8.914371559269444
rho_op=8.02116410568004
prior_scale=3.7341802731584663
sizeof_bnn=23
Batch_Size=92
Epochs=293
Gamma=0
country=us
early_stopping=False
smooth=True
