Arch=FF
num_layers=2
sizeof_layers=223
batch_norm=True
Ext=-c
kl_anneal=2.1153184939528695
rho_q=9.661652236608036
rho_op=0.7556835958806853
prior_scale=2.0782314830389432
sizeof_bnn=9
Batch_Size=21
Epochs=96
Gamma=0
country=us
early_stopping=False
smooth=True
