Arch=FF
num_layers=1
sizeof_layers=418
batch_norm=True
Ext=-c
kl_anneal=2.606238737899573
rho_q=2.513346502741494
rho_op=1.3885651433727544
prior_scale=6.796121543607129
sizeof_bnn=4
Batch_Size=35
Epochs=427
Gamma=0
country=us
early_stopping=False
smooth=True
