Arch=FF
num_layers=1
sizeof_layers=400
batch_norm=True
Ext=-c
kl_anneal=2.460579115767698
rho_q=9.462719145581046
rho_op=1.679345720975339
prior_scale=3.356011454389458
sizeof_bnn=9
Batch_Size=97
Epochs=276
Gamma=0
country=us
early_stopping=False
smooth=True
