Arch=FF
num_layers=3
sizeof_layers=104
batch_norm=True
Ext=-c
kl_anneal=0.17972433528810466
rho_q=7.560360148314103
rho_op=1.0731057407730489
prior_scale=2.90072035148768
sizeof_bnn=26
Batch_Size=124
Epochs=106
Gamma=0
country=us
early_stopping=False
smooth=True
