Arch=FF
num_layers=2
sizeof_layers=277
batch_norm=True
Ext=-c
kl_anneal=4.5051406488162415
rho_q=9.162048055891944
rho_op=9.561033041555255
prior_scale=9.31975717907188
sizeof_bnn=17
Batch_Size=69
Epochs=243
Gamma=0
country=us
early_stopping=False
smooth=True
