Arch=FF
num_layers=2
sizeof_layers=16
batch_norm=True
Ext=-c
kl_anneal=3.6556195215317113
rho_q=7.343670827695177
rho_op=7.998226791778818
prior_scale=0.6967679592985639
sizeof_bnn=4
Batch_Size=64
Epochs=100
Gamma=0
country=us
early_stopping=False
smooth=True
