Arch=FF
num_layers=3
sizeof_layers=350
batch_norm=True
Ext=-c
kl_anneal=4.05825011906604
rho_q=9.902449609756548
rho_op=0.414350089323945
prior_scale=2.8039939292565914
sizeof_bnn=57
Batch_Size=65
Epochs=83
Gamma=0
country=us
early_stopping=False
smooth=True
