Arch=FF
num_layers=3
sizeof_layers=436
batch_norm=True
Ext=-c
kl_anneal=0.7433648603470935
rho_q=5.75857572105006
rho_op=3.6486747684254617
prior_scale=1.07047694637425
sizeof_bnn=23
Batch_Size=49
Epochs=440
Gamma=14
country=us
early_stopping=False
smooth=True
