Arch=FF
num_layers=1
sizeof_layers=221
batch_norm=True
Ext=-c
kl_anneal=3.500146855143581
rho_q=9.466854089897781
rho_op=6.597105405528009
prior_scale=9.952619877934467
sizeof_bnn=42
Batch_Size=99
Epochs=85
Gamma=0
country=us
early_stopping=False
smooth=True
