Arch=FF
num_layers=3
sizeof_layers=249
batch_norm=True
Ext=-c
kl_anneal=1.3327459569974787
rho_q=9.83016012191536
rho_op=3.5904823409353357
prior_scale=9.384239768385557
sizeof_bnn=18
Batch_Size=42
Epochs=205
Gamma=0
country=us
early_stopping=False
smooth=True
