Arch=FF
num_layers=3
sizeof_layers=359
batch_norm=True
Ext=-c
kl_anneal=4.828239344320768
rho_q=4.975690814793204
rho_op=2.6410419258931115
prior_scale=2.3103261947924456
sizeof_bnn=2
Batch_Size=123
Epochs=295
Gamma=0
country=us
early_stopping=False
smooth=True
