Arch=FF
num_layers=2
sizeof_layers=364
batch_norm=True
Ext=-c
kl_anneal=3.785324306007861
rho_q=9.11336085854242
rho_op=1.6948805682787735
prior_scale=0.37903402675591547
sizeof_bnn=11
Batch_Size=108
Epochs=300
Gamma=0
country=us
early_stopping=False
smooth=True
