Arch=FF
num_layers=3
sizeof_layers=57
batch_norm=True
Ext=-c
kl_anneal=0.5955636419513861
rho_q=7.376156828957038
rho_op=0.12898259727362918
prior_scale=5.529932849723269
sizeof_bnn=13
Batch_Size=64
Epochs=100
Gamma=0
country=us
early_stopping=False
smooth=True
