Arch=FF
num_layers=1
sizeof_layers=82
batch_norm=True
Ext=-c
kl_anneal=1.1567949187697923
rho_q=6.557137225115347
rho_op=3.536559506108084
prior_scale=1.9070168320049359
sizeof_bnn=6
Batch_Size=117
Epochs=92
Gamma=0
country=us
early_stopping=False
smooth=True
