Arch=FF
num_layers=3
sizeof_layers=337
batch_norm=True
Ext=-c
kl_anneal=2.169404765013803
rho_q=6.7225829701999045
rho_op=5.932315401289696
prior_scale=3.8572862470459395
sizeof_bnn=59
Batch_Size=74
Epochs=141
Gamma=0
country=us
early_stopping=False
smooth=True
