Arch=FF
num_layers=3
sizeof_layers=298
batch_norm=True
Ext=-c
kl_anneal=0.7761656481179747
rho_q=9.760832315194541
rho_op=7.919445182512883
prior_scale=1.3874223081707866
sizeof_bnn=49
Batch_Size=10
Epochs=59
Gamma=0
country=us
early_stopping=False
smooth=True
