Arch=FF
num_layers=3
sizeof_layers=330
batch_norm=True
Ext=-c
kl_anneal=2.730123193538243
rho_q=2.651737945252741
rho_op=9.503409321418081
prior_scale=6.976595487865339
sizeof_bnn=10
Batch_Size=47
Epochs=305
Gamma=14
country=us
early_stopping=False
smooth=True
