Arch=FF
num_layers=2
sizeof_layers=337
batch_norm=True
Ext=-c
kl_anneal=1.79601662441484
rho_q=4.068232883865414
rho_op=6.307152184457134
prior_scale=8.252454115496219
sizeof_bnn=66
Batch_Size=66
Epochs=145
Gamma=14
country=us
early_stopping=False
smooth=True
