Arch=FF
num_layers=1
sizeof_layers=292
batch_norm=True
Ext=-c
kl_anneal=4.322589033283832
rho_q=3.2935134564252464
rho_op=1.0223142240845677
prior_scale=8.327496188468855
sizeof_bnn=14
Batch_Size=72
Epochs=234
Gamma=0
country=us
early_stopping=False
smooth=True
