Arch=FF
num_layers=1
sizeof_layers=202
batch_norm=True
Ext=-c
kl_anneal=3.0529098592958297
rho_q=2.972240932594296
rho_op=6.4439027736580705
prior_scale=1.4826901749139048
sizeof_bnn=5
Batch_Size=62
Epochs=155
Gamma=0
country=us
early_stopping=False
smooth=True
