Arch=FF
num_layers=1
sizeof_layers=200
batch_norm=True
Ext=-c
kl_anneal=0.17484826170544077
rho_q=2.1510050142459924
rho_op=7.714509720799327
prior_scale=8.197540403197767
sizeof_bnn=9
Batch_Size=21
Epochs=109
Gamma=0
country=us
early_stopping=False
smooth=True
