Arch=FF
num_layers=3
sizeof_layers=214
batch_norm=True
Ext=-c
kl_anneal=4.28777801279031
rho_q=5.231321610892694
rho_op=9.59154174922909
prior_scale=7.359254988406762
sizeof_bnn=6
Batch_Size=16
Epochs=117
Gamma=0
country=us
early_stopping=False
smooth=True
