Arch=FF
num_layers=2
sizeof_layers=280
batch_norm=True
Ext=-c
kl_anneal=0.6631271375519336
rho_q=7.525541156891261
rho_op=1.8901319480657253
prior_scale=0.7168881636062312
sizeof_bnn=25
Batch_Size=68
Epochs=205
Gamma=0
country=us
early_stopping=False
smooth=True
