Arch=FF
num_layers=2
sizeof_layers=352
batch_norm=True
Ext=-c
kl_anneal=0.20268681107496975
rho_q=7.795404205424518
rho_op=7.687877663753929
prior_scale=1.7029312886202295
sizeof_bnn=53
Batch_Size=74
Epochs=92
Gamma=0
country=us
early_stopping=False
smooth=True
