Arch=FF
num_layers=2
sizeof_layers=404
batch_norm=True
Ext=-c
kl_anneal=0.7425689983857512
rho_q=7.2183974061606
rho_op=6.6190388561446944
prior_scale=3.650411434268087
sizeof_bnn=10
Batch_Size=32
Epochs=216
Gamma=14
country=us
early_stopping=False
smooth=True
