Arch=FF
num_layers=4
sizeof_layers=352
batch_norm=True
Ext=-c
kl_anneal=0.1
rho_q=6.25670576511958
rho_op=2.2917541019742838
prior_scale=2.157198557654122
sizeof_bnn=20
Batch_Size=89
Epochs=287
Gamma=0
country=us
early_stopping=False
smooth=True
