Arch=FF
num_layers=1
sizeof_layers=81
batch_norm=True
Ext=-c
kl_anneal=3.60355919360087
rho_q=2.6121816275255636
rho_op=7.6712488770494005
prior_scale=1.2684898900062538
sizeof_bnn=3
Batch_Size=95
Epochs=137
Gamma=0
country=us
early_stopping=False
smooth=True
