Arch=FF
num_layers=1
sizeof_layers=273
batch_norm=True
Ext=-c
kl_anneal=2.167518833348132
rho_q=9.890465233154867
rho_op=7.168480028586232
prior_scale=9.169822414576528
sizeof_bnn=23
Batch_Size=22
Epochs=104
Gamma=0
country=us
early_stopping=False
smooth=True
