Arch=FF
num_layers=2
sizeof_layers=372
batch_norm=True
Ext=-c
kl_anneal=3.574881356703128
rho_q=4.4464496448893565
rho_op=3.477114068134557
prior_scale=6.070407260185306
sizeof_bnn=6
Batch_Size=110
Epochs=291
Gamma=0
country=us
early_stopping=False
smooth=True
