Arch=FF
num_layers=1
sizeof_layers=416
batch_norm=True
Ext=-c
kl_anneal=3.332108354098544
rho_q=8.098341297297683
rho_op=0.4508779492600836
prior_scale=0.5910687177801449
sizeof_bnn=14
Batch_Size=64
Epochs=100
Gamma=0
country=us
early_stopping=False
smooth=True
