Arch=FF
num_layers=1
sizeof_layers=72
batch_norm=True
Ext=-c
kl_anneal=4.325729591053639
rho_q=8.9855294775823
rho_op=6.764291123309511
prior_scale=4.525968693950713
sizeof_bnn=34
Batch_Size=64
Epochs=100
Gamma=0
country=us
early_stopping=False
smooth=True
