Arch=FF
num_layers=2
sizeof_layers=372
batch_norm=True
Ext=-c
kl_anneal=1.0724605691075701
rho_q=2.827134113971043
rho_op=1.0963407983303666
prior_scale=5.231381586555428
sizeof_bnn=2
Batch_Size=100
Epochs=290
Gamma=0
country=us
early_stopping=False
smooth=True
