Arch=FF
num_layers=2
sizeof_layers=204
batch_norm=True
Ext=-c
kl_anneal=3.0731104103646967
rho_q=2.3797530784990375
rho_op=1.9769196011342425
prior_scale=8.806490734509579
sizeof_bnn=6
Batch_Size=34
Epochs=115
Gamma=0
country=us
early_stopping=False
smooth=True
