Arch=FF
num_layers=2
sizeof_layers=413
batch_norm=True
Ext=-c
kl_anneal=3.6870996604796344
rho_q=8.226660388428632
rho_op=2.833628254241161
prior_scale=8.923223936383934
sizeof_bnn=105
Batch_Size=43
Epochs=435
Gamma=14
country=us
early_stopping=False
smooth=True
