Arch=FF
num_layers=3
sizeof_layers=377
batch_norm=True
Ext=-c
kl_anneal=4.765906134794141
rho_q=3.168330312561699
rho_op=4.82983897691558
prior_scale=5.5734125117107896
sizeof_bnn=13
Batch_Size=118
Epochs=302
Gamma=0
country=us
early_stopping=False
smooth=True
