Arch=FF
num_layers=2
sizeof_layers=257
batch_norm=True
Ext=-c
kl_anneal=3.3188202686298727
rho_q=7.647387252718463
rho_op=3.2383547979767138
prior_scale=0.1718199398668667
sizeof_bnn=44
Batch_Size=77
Epochs=385
Gamma=0
country=us
early_stopping=False
smooth=True
