Arch=FF
num_layers=1
sizeof_layers=446
batch_norm=True
Ext=-c
kl_anneal=3.1825661450628044
rho_q=7.436278611056246
rho_op=3.2766478097638894
prior_scale=5.9577973166489935
sizeof_bnn=6
Batch_Size=50
Epochs=440
Gamma=0
country=us
early_stopping=False
smooth=True
