Arch=FF
num_layers=3
sizeof_layers=238
batch_norm=True
Ext=-c
kl_anneal=2.808820889114836
rho_q=3.1484972709625154
rho_op=9.57292447814344
prior_scale=4.2005715566982325
sizeof_bnn=9
Batch_Size=26
Epochs=94
Gamma=0
country=us
early_stopping=False
smooth=True
