Arch=FF
num_layers=3
sizeof_layers=355
batch_norm=True
Ext=-c
kl_anneal=2.937464757171656
rho_q=8.87656412620562
rho_op=5.998933390986601
prior_scale=4.623557503944581
sizeof_bnn=11
Batch_Size=91
Epochs=290
Gamma=0
country=us
early_stopping=False
smooth=True
