Arch=FF
num_layers=1
sizeof_layers=243
batch_norm=True
Ext=-c
kl_anneal=0.9922845513246971
rho_q=8.4118642004179
rho_op=4.771371685023105
prior_scale=9.38466425876646
sizeof_bnn=26
Batch_Size=47
Epochs=99
Gamma=0
country=us
early_stopping=False
smooth=True
