Arch=FF
num_layers=2
sizeof_layers=80
batch_norm=True
Ext=-c
kl_anneal=4.419142742566878
rho_q=7.03159086146792
rho_op=1.5615599684277706
prior_scale=5.8503078040050385
sizeof_bnn=7
Batch_Size=117
Epochs=117
Gamma=0
country=us
early_stopping=False
smooth=True
