Arch=FF
num_layers=3
sizeof_layers=241
batch_norm=True
Ext=-c
kl_anneal=3.076877426531789
rho_q=1.0022418513051772
rho_op=4.121100829061309
prior_scale=3.1772471558217483
sizeof_bnn=29
Batch_Size=80
Epochs=269
Gamma=14
country=us
early_stopping=False
smooth=True
