Arch=FF
num_layers=3
sizeof_layers=370
batch_norm=True
Ext=-c
kl_anneal=1.4404773530802186
rho_q=9.266534070004159
rho_op=6.11843877145212
prior_scale=3.9051963507655962
sizeof_bnn=7
Batch_Size=99
Epochs=293
Gamma=0
country=us
early_stopping=False
smooth=True
