Arch=FF
num_layers=2
sizeof_layers=297
batch_norm=True
Ext=-c
kl_anneal=4.176671800632904
rho_q=1.6694511369350409
rho_op=9.446546763492801
prior_scale=0.7980619652776875
sizeof_bnn=3
Batch_Size=91
Epochs=298
Gamma=0
country=us
early_stopping=False
smooth=True
