Arch=FF
num_layers=2
sizeof_layers=258
batch_norm=True
Ext=-c
kl_anneal=2.216207945914039
rho_q=0.12634512575420428
rho_op=7.942727317990706
prior_scale=0.9104917690335381
sizeof_bnn=11
Batch_Size=20
Epochs=100
Gamma=14
country=us
early_stopping=False
smooth=True
