Arch=FF
num_layers=3
sizeof_layers=273
batch_norm=True
Ext=-c
kl_anneal=2.113268846214409
rho_q=3.980654270073802
rho_op=1.9002812428186058
prior_scale=6.511576026673385
sizeof_bnn=23
Batch_Size=17
Epochs=111
Gamma=0
country=us
early_stopping=False
smooth=True
