Arch=FF
num_layers=1
sizeof_layers=313
batch_norm=True
Ext=-c
kl_anneal=3.8092360624031603
rho_q=4.801729199962403
rho_op=3.0702397269048967
prior_scale=7.2276161005020665
sizeof_bnn=17
Batch_Size=60
Epochs=247
Gamma=0
country=us
early_stopping=False
smooth=True
