Arch=FF
num_layers=2
sizeof_layers=288
batch_norm=True
Ext=-c
kl_anneal=4.634874523203377
rho_q=6.34301019226289
rho_op=6.375065957143819
prior_scale=8.124578464559246
sizeof_bnn=118
Batch_Size=10
Epochs=107
Gamma=0
country=us
early_stopping=False
smooth=True
