Arch=FF
num_layers=3
sizeof_layers=260
batch_norm=True
Ext=-c
kl_anneal=1.5934682741166526
rho_q=7.240676456777811
rho_op=9.316235874091264
prior_scale=6.645367250091869
sizeof_bnn=11
Batch_Size=57
Epochs=194
Gamma=0
country=us
early_stopping=False
smooth=True
