Arch=FF
num_layers=2
sizeof_layers=254
batch_norm=True
Ext=-c
kl_anneal=1.1830375953686818
rho_q=0.7092633140812116
rho_op=3.6854695232515504
prior_scale=9.85236612401274
sizeof_bnn=2
Batch_Size=25
Epochs=83
Gamma=0
country=us
early_stopping=False
smooth=True
