Arch=FF
num_layers=1
sizeof_layers=387
batch_norm=True
Ext=-c
kl_anneal=3.646569389481322
rho_q=7.546816951214218
rho_op=7.461038601912937
prior_scale=8.004458668980703
sizeof_bnn=14
Batch_Size=86
Epochs=264
Gamma=0
country=us
early_stopping=False
smooth=True
