Arch=FF
num_layers=2
sizeof_layers=222
batch_norm=True
Ext=-c
kl_anneal=4.9839748932544525
rho_q=2.15279939260889
rho_op=4.8645411130189995
prior_scale=7.2767200823361335
sizeof_bnn=23
Batch_Size=17
Epochs=88
Gamma=0
country=us
early_stopping=False
smooth=True
