Arch=FF
num_layers=3
sizeof_layers=376
batch_norm=True
Ext=-c
kl_anneal=0.7110660011495133
rho_q=2.4939461345754954
rho_op=8.474750111369303
prior_scale=8.14657641038729
sizeof_bnn=83
Batch_Size=35
Epochs=96
Gamma=14
country=us
early_stopping=False
smooth=True
