Arch=FF
num_layers=1
sizeof_layers=372
batch_norm=True
Ext=-c
kl_anneal=4.607835643943024
rho_q=8.920557595557751
rho_op=2.102470474230261
prior_scale=9.96238084626756
sizeof_bnn=40
Batch_Size=55
Epochs=89
Gamma=0
country=us
early_stopping=False
smooth=True
