Arch=FF
num_layers=2
sizeof_layers=27
batch_norm=True
Ext=-c
kl_anneal=2.2257017519196642
rho_q=5.77039777141274
rho_op=4.96306257129038
prior_scale=3.9628877099780273
sizeof_bnn=22
Batch_Size=26
Epochs=259
Gamma=14
country=us
early_stopping=False
smooth=True
