Arch=FF
num_layers=2
sizeof_layers=247
batch_norm=True
Ext=-c
kl_anneal=0.290555294666723
rho_q=7.1278872219901706
rho_op=1.8466722277890244
prior_scale=3.4348193390147603
sizeof_bnn=4
Batch_Size=25
Epochs=93
Gamma=0
country=us
early_stopping=False
smooth=True
