Arch=FF
num_layers=3
sizeof_layers=152
batch_norm=True
Ext=-c
kl_anneal=0.27587849659852315
rho_q=0.1581438183776349
rho_op=1.1065466551097731
prior_scale=0.10163375495263609
sizeof_bnn=115
Batch_Size=64
Epochs=100
Gamma=0
country=us
early_stopping=False
smooth=True
