Arch=FF
num_layers=2
sizeof_layers=81
batch_norm=True
Ext=-c
kl_anneal=1.8874755647647996
rho_q=3.0740042604942657
rho_op=3.453032490683929
prior_scale=3.779728188054371
sizeof_bnn=5
Batch_Size=92
Epochs=114
Gamma=0
country=us
early_stopping=False
smooth=True
