Arch=FF
num_layers=3
sizeof_layers=248
batch_norm=True
Ext=-c
kl_anneal=2.923540057279218
rho_q=2.2488881222188257
rho_op=1.7529996853630692
prior_scale=9.751733150541517
sizeof_bnn=23
Batch_Size=44
Epochs=95
Gamma=0
country=us
early_stopping=False
smooth=True
