Arch=FF
num_layers=3
sizeof_layers=106
batch_norm=True
Ext=-c
kl_anneal=3.2392781946925426
rho_q=9.378660237262327
rho_op=4.775437875658565
prior_scale=1.031111868072658
sizeof_bnn=2
Batch_Size=77
Epochs=114
Gamma=0
country=us
early_stopping=False
smooth=True
