Arch=FF
num_layers=2
sizeof_layers=97
batch_norm=True
Ext=-c
kl_anneal=1.6701539140002137
rho_q=9.23052736255919
rho_op=4.198907884626906
prior_scale=3.5180672302345295
sizeof_bnn=5
Batch_Size=110
Epochs=91
Gamma=0
country=us
early_stopping=False
smooth=True
