Arch=FF
num_layers=2
sizeof_layers=244
batch_norm=True
Ext=-c
kl_anneal=4.4977950029974405
rho_q=7.589253733080042
rho_op=4.626000446371337
prior_scale=0.4652701815556129
sizeof_bnn=15
Batch_Size=58
Epochs=96
Gamma=0
country=us
early_stopping=False
smooth=True
