Arch=FF
num_layers=1
sizeof_layers=203
batch_norm=True
Ext=-c
kl_anneal=0.6988393869763265
rho_q=9.489148831530965
rho_op=1.5003139223997362
prior_scale=3.162187042041487
sizeof_bnn=18
Batch_Size=86
Epochs=128
Gamma=0
country=us
early_stopping=False
smooth=True
