Arch=FF
num_layers=1
sizeof_layers=101
batch_norm=True
Ext=-c
kl_anneal=0.1277468089060564
rho_q=4.300174848219599
rho_op=2.258358723666457
prior_scale=0.7256620748445911
sizeof_bnn=6
Batch_Size=80
Epochs=124
Gamma=0
country=us
early_stopping=False
smooth=True
