Arch=FF
num_layers=3
sizeof_layers=308
batch_norm=True
Ext=-c
kl_anneal=1.2119693259134674
rho_q=0.6842880337967554
rho_op=6.541134961389934
prior_scale=2.7693257145192383
sizeof_bnn=2
Batch_Size=80
Epochs=289
Gamma=0
country=us
early_stopping=False
smooth=True
