Arch=FF
num_layers=1
sizeof_layers=352
batch_norm=True
Ext=-c
kl_anneal=4.164339653939586
rho_q=4.830970053831122
rho_op=4.557989978131124
prior_scale=0.9402554173046296
sizeof_bnn=20
Batch_Size=108
Epochs=272
Gamma=0
country=us
early_stopping=False
smooth=True
