Arch=FF
num_layers=2
sizeof_layers=213
batch_norm=True
Ext=-c
kl_anneal=2.6327249978454015
rho_q=9.951874496085674
rho_op=9.735956991983
prior_scale=1.7761063219791877
sizeof_bnn=11
Batch_Size=33
Epochs=102
Gamma=0
country=us
early_stopping=False
smooth=True
