Arch=FF
num_layers=3
sizeof_layers=440
batch_norm=True
Ext=-c
kl_anneal=0.6196845713266004
rho_q=5.221174417757316
rho_op=4.132057404707514
prior_scale=1.6717620285537687
sizeof_bnn=26
Batch_Size=53
Epochs=434
Gamma=14
country=us
early_stopping=False
smooth=True
