Arch=FF
num_layers=1
sizeof_layers=317
batch_norm=True
Ext=-c
kl_anneal=4.505405216849792
rho_q=2.0288110985200363
rho_op=4.898532360944323
prior_scale=8.178739697004987
sizeof_bnn=10
Batch_Size=60
Epochs=231
Gamma=0
country=us
early_stopping=False
smooth=True
