Arch=FF
num_layers=1
sizeof_layers=379
batch_norm=True
Ext=-c
kl_anneal=2.819757420801387
rho_q=4.484286547212216
rho_op=2.8204511367961365
prior_scale=5.808843159613029
sizeof_bnn=8
Batch_Size=125
Epochs=313
Gamma=0
country=us
early_stopping=False
smooth=True
