Arch=FF
num_layers=1
sizeof_layers=361
batch_norm=True
Ext=-c
kl_anneal=3.1003655529415446
rho_q=1.2815661758951278
rho_op=5.74273430421625
prior_scale=0.2577092208412897
sizeof_bnn=4
Batch_Size=100
Epochs=283
Gamma=0
country=us
early_stopping=False
smooth=True
