Arch=FF
num_layers=2
sizeof_layers=310
batch_norm=True
Ext=-c
kl_anneal=2.363221372085785
rho_q=6.745687501141417
rho_op=4.090229329413743
prior_scale=5.291015497724566
sizeof_bnn=6
Batch_Size=65
Epochs=241
Gamma=0
country=us
early_stopping=False
smooth=True
