Arch=FF
num_layers=1
sizeof_layers=328
batch_norm=True
Ext=-c
kl_anneal=1.2928082784601862
rho_q=5.936864213269749
rho_op=3.961278680681158
prior_scale=4.600888744881778
sizeof_bnn=73
Batch_Size=73
Epochs=140
Gamma=0
country=us
early_stopping=False
smooth=True
