Arch=FF
num_layers=1
sizeof_layers=334
batch_norm=True
Ext=-c
kl_anneal=1.1244339817245983
rho_q=7.719930416431177
rho_op=5.082825620046574
prior_scale=1.4095753995617137
sizeof_bnn=20
Batch_Size=59
Epochs=325
Gamma=14
country=us
early_stopping=False
smooth=True
