Arch=FF
num_layers=2
sizeof_layers=314
batch_norm=True
Ext=-c
kl_anneal=3.029544933816522
rho_q=1.2461770582935325
rho_op=6.07474650060733
prior_scale=7.627639650113552
sizeof_bnn=11
Batch_Size=63
Epochs=237
Gamma=0
country=us
early_stopping=False
smooth=True
