Arch=FF
num_layers=3
sizeof_layers=263
batch_norm=True
Ext=-c
kl_anneal=0.168879181296685
rho_q=2.0463356032496396
rho_op=3.694338332540344
prior_scale=8.90488522819212
sizeof_bnn=40
Batch_Size=33
Epochs=118
Gamma=0
country=us
early_stopping=False
smooth=True
