Arch=FF
num_layers=1
sizeof_layers=106
batch_norm=True
Ext=-c
kl_anneal=1.1442861697633897
rho_q=6.573697589978651
rho_op=3.2655372415408133
prior_scale=7.9057125650760565
sizeof_bnn=6
Batch_Size=121
Epochs=92
Gamma=0
country=us
early_stopping=False
smooth=True
