Arch=FF
num_layers=3
sizeof_layers=70
batch_norm=True
Ext=-c
kl_anneal=4.440144724704543
rho_q=6.999906705309059
rho_op=1.7988764003391533
prior_scale=4.257805899311958
sizeof_bnn=3
Batch_Size=92
Epochs=126
Gamma=0
country=us
early_stopping=False
smooth=True
