Arch=FF
num_layers=3
sizeof_layers=397
batch_norm=True
Ext=-c
kl_anneal=3.615064306294947
rho_q=9.274773053897624
rho_op=4.368852247464634
prior_scale=7.95664337606034
sizeof_bnn=117
Batch_Size=109
Epochs=157
Gamma=14
country=us
early_stopping=False
smooth=True
