Arch=FF
num_layers=1
sizeof_layers=322
batch_norm=True
Ext=-c
kl_anneal=4.499815309234956
rho_q=7.314510292755667
rho_op=0.4694543744645697
prior_scale=5.724227369089209
sizeof_bnn=67
Batch_Size=66
Epochs=207
Gamma=0
country=us
early_stopping=False
smooth=True
