Arch=FF
num_layers=1
sizeof_layers=100
batch_norm=True
Ext=-c
kl_anneal=4.212104155475933
rho_q=9.928098468649617
rho_op=1.9626590708929643
prior_scale=9.932044188621648
sizeof_bnn=5
Batch_Size=121
Epochs=99
Gamma=0
country=us
early_stopping=False
smooth=True
