Arch=FF
num_layers=3
sizeof_layers=210
batch_norm=True
Ext=-c
kl_anneal=4.210052704117643
rho_q=2.23394045080242
rho_op=9.940851983272484
prior_scale=0.0971228803588929
sizeof_bnn=5
Batch_Size=82
Epochs=112
Gamma=0
country=us
early_stopping=False
smooth=True
