Arch=FF
num_layers=3
sizeof_layers=88
batch_norm=True
Ext=-c
kl_anneal=2.808752859064306
rho_q=6.753213045360999
rho_op=2.20989288877827
prior_scale=3.309312350371576
sizeof_bnn=21
Batch_Size=117
Epochs=113
Gamma=0
country=us
early_stopping=False
smooth=True
