Arch=FF
num_layers=2
sizeof_layers=296
batch_norm=True
Ext=-c
kl_anneal=1.6679291773111506
rho_q=4.420736673370045
rho_op=5.302486529956358
prior_scale=7.063113969288355
sizeof_bnn=9
Batch_Size=61
Epochs=237
Gamma=0
country=us
early_stopping=False
smooth=True
