Arch=FF
num_layers=2
sizeof_layers=299
batch_norm=True
Ext=-c
kl_anneal=3.9423175529720824
rho_q=2.069440754210904
rho_op=5.028474826089104
prior_scale=1.9517358209671503
sizeof_bnn=4
Batch_Size=70
Epochs=239
Gamma=0
country=us
early_stopping=False
smooth=True
