Arch=FF
num_layers=3
sizeof_layers=63
batch_norm=True
Ext=-c
kl_anneal=2.952241905028864
rho_q=6.098056969889367
rho_op=6.160812205676719
prior_scale=9.825597995891954
sizeof_bnn=9
Batch_Size=119
Epochs=114
Gamma=0
country=us
early_stopping=False
smooth=True
