Arch=FF
num_layers=1
sizeof_layers=288
batch_norm=True
Ext=-c
kl_anneal=1.40993247495768
rho_q=7.19557791744054
rho_op=2.8190014168928594
prior_scale=3.6396193042858136
sizeof_bnn=38
Batch_Size=75
Epochs=303
Gamma=14
country=us
early_stopping=False
smooth=True
