Arch=FF
num_layers=1
sizeof_layers=456
batch_norm=True
Ext=-c
kl_anneal=3.2445001721076525
rho_q=7.252167868384242
rho_op=0.1
prior_scale=0.5269673410738571
sizeof_bnn=28
Batch_Size=31
Epochs=374
Gamma=0
country=us
early_stopping=False
smooth=True
