Arch=FF
num_layers=2
sizeof_layers=290
batch_norm=True
Ext=-c
kl_anneal=3.0340094695304294
rho_q=3.9592803712530027
rho_op=0.1
prior_scale=7.396409084276619
sizeof_bnn=17
Batch_Size=72
Epochs=226
Gamma=0
country=us
early_stopping=False
smooth=True
