Arch=FF
num_layers=2
sizeof_layers=253
batch_norm=True
Ext=-c
kl_anneal=5.0
rho_q=2.7268418009313558
rho_op=2.915874841609804
prior_scale=5.784677039937724
sizeof_bnn=14
Batch_Size=54
Epochs=210
Gamma=0
country=us
early_stopping=False
smooth=True
