Arch=FF
num_layers=2
sizeof_layers=165
batch_norm=True
Ext=-c
kl_anneal=3.926791901880835
rho_q=1.9888183737356275
rho_op=5.290980426623931
prior_scale=7.146888112462893
sizeof_bnn=12
Batch_Size=11
Epochs=51
Gamma=0
country=us
early_stopping=False
smooth=True
