Arch=FF
num_layers=3
sizeof_layers=317
batch_norm=True
Ext=-c
kl_anneal=0.23562426037153222
rho_q=5.931603768396474
rho_op=4.397448311723614
prior_scale=1.121721546721606
sizeof_bnn=8
Batch_Size=76
Epochs=374
Gamma=0
country=us
early_stopping=False
smooth=True
