Arch=FF
num_layers=3
sizeof_layers=305
batch_norm=True
Ext=-c
kl_anneal=4.825443479968985
rho_q=8.501012744172126
rho_op=6.6800200199388335
prior_scale=6.990604407793323
sizeof_bnn=3
Batch_Size=64
Epochs=225
Gamma=0
country=us
early_stopping=False
smooth=True
