Arch=FF
num_layers=2
sizeof_layers=213
batch_norm=True
Ext=-c
kl_anneal=3.4118728929799254
rho_q=0.8512661912621667
rho_op=4.118950413553519
prior_scale=5.660538349160633
sizeof_bnn=11
Batch_Size=23
Epochs=92
Gamma=0
country=us
early_stopping=False
smooth=True
