Arch=FF
num_layers=2
sizeof_layers=312
batch_norm=True
Ext=-c
kl_anneal=3.1415010036887137
rho_q=8.759479573325558
rho_op=3.054488915284876
prior_scale=7.104500326821172
sizeof_bnn=22
Batch_Size=123
Epochs=232
Gamma=0
country=us
early_stopping=False
smooth=True
