Arch=FF
num_layers=3
sizeof_layers=369
batch_norm=True
Ext=-c
kl_anneal=4.365333800757646
rho_q=7.575146764460067
rho_op=8.306498019392325
prior_scale=2.4870961281083965
sizeof_bnn=11
Batch_Size=107
Epochs=318
Gamma=0
country=us
early_stopping=False
smooth=True
