Arch=FF
num_layers=3
sizeof_layers=311
batch_norm=True
Ext=-c
kl_anneal=0.1
rho_q=4.079821790922059
rho_op=5.233276872239159
prior_scale=1.4263760144173523
sizeof_bnn=2
Batch_Size=87
Epochs=291
Gamma=0
country=us
early_stopping=False
smooth=True
