Arch=FF
num_layers=1
sizeof_layers=348
batch_norm=True
Ext=-c
kl_anneal=3.0264800946900476
rho_q=9.047501680758534
rho_op=9.80959923880535
prior_scale=3.75157955406235
sizeof_bnn=43
Batch_Size=66
Epochs=71
Gamma=0
country=us
early_stopping=False
smooth=True
