Arch=FF
num_layers=3
sizeof_layers=102
batch_norm=True
Ext=-c
kl_anneal=3.4542124408977415
rho_q=1.1920580429915968
rho_op=0.5312236812020142
prior_scale=6.316815040638999
sizeof_bnn=25
Batch_Size=125
Epochs=110
Gamma=0
country=us
early_stopping=False
smooth=True
