Arch=FF
num_layers=3
sizeof_layers=347
batch_norm=True
Ext=-c
kl_anneal=2.8909905964182796
rho_q=2.266690628886719
rho_op=2.663179921840611
prior_scale=0.5434385146416655
sizeof_bnn=5
Batch_Size=83
Epochs=290
Gamma=0
country=us
early_stopping=False
smooth=True
