Arch=FF
num_layers=2
sizeof_layers=467
batch_norm=True
Ext=-c
kl_anneal=3.341254338764074
rho_q=6.6499595920750165
rho_op=6.922591387488937
prior_scale=8.787547098528627
sizeof_bnn=43
Batch_Size=24
Epochs=359
Gamma=0
country=us
early_stopping=False
smooth=True
