Arch=FF
num_layers=3
sizeof_layers=368
batch_norm=True
Ext=-c
kl_anneal=4.460776117422404
rho_q=9.051736370300516
rho_op=8.377655482487945
prior_scale=9.81376299440831
sizeof_bnn=5
Batch_Size=100
Epochs=291
Gamma=0
country=us
early_stopping=False
smooth=True
