Arch=FF
num_layers=3
sizeof_layers=478
batch_norm=True
Ext=-c
kl_anneal=1.7971099751338693
rho_q=2.3799494959073226
rho_op=1.5669543014408138
prior_scale=5.6979594296687015
sizeof_bnn=107
Batch_Size=84
Epochs=178
Gamma=0
country=us
early_stopping=False
smooth=True
