Arch=FF
num_layers=3
sizeof_layers=102
batch_norm=True
Ext=-c
kl_anneal=1.193145244051066
rho_q=2.3139082567397713
rho_op=8.514766233435566
prior_scale=2.766329305553849
sizeof_bnn=13
Batch_Size=118
Epochs=101
Gamma=0
country=us
early_stopping=False
smooth=True
