Arch=FF
num_layers=2
sizeof_layers=104
batch_norm=True
Ext=-c
kl_anneal=2.4858433665094934
rho_q=2.1972213169366883
rho_op=4.678935604034826
prior_scale=5.372705358976778
sizeof_bnn=25
Batch_Size=126
Epochs=119
Gamma=0
country=us
early_stopping=False
smooth=True
