Arch=FF
num_layers=2
sizeof_layers=359
batch_norm=True
Ext=-c
kl_anneal=3.3174650078688876
rho_q=7.567107882179662
rho_op=7.413625206805707
prior_scale=1.2746072281079093
sizeof_bnn=20
Batch_Size=101
Epochs=277
Gamma=0
country=us
early_stopping=False
smooth=True
