Arch=FF
num_layers=1
sizeof_layers=79
batch_norm=True
Ext=-c
kl_anneal=4.802098700326706
rho_q=1.9990053767501972
rho_op=5.66929088765843
prior_scale=4.350346148484044
sizeof_bnn=5
Batch_Size=114
Epochs=124
Gamma=0
country=us
early_stopping=False
smooth=True
