Arch=FF
num_layers=1
sizeof_layers=58
batch_norm=True
Ext=-c
kl_anneal=3.093898770605167
rho_q=5.580172557011432
rho_op=6.601083917855233
prior_scale=5.964298781485268
sizeof_bnn=8
Batch_Size=108
Epochs=105
Gamma=0
country=us
early_stopping=False
smooth=True
