Arch=FF
num_layers=3
sizeof_layers=35
batch_norm=True
Ext=-c
kl_anneal=3.307871898933404
rho_q=9.52944286844368
rho_op=3.7272048770318738
prior_scale=6.564047000445719
sizeof_bnn=53
Batch_Size=89
Epochs=71
Gamma=14
country=us
early_stopping=False
smooth=True
