Arch=FF
num_layers=2
sizeof_layers=244
batch_norm=True
Ext=-c
kl_anneal=2.9788831271164606
rho_q=0.8320489030376352
rho_op=7.18998600946299
prior_scale=3.207541302589676
sizeof_bnn=16
Batch_Size=65
Epochs=202
Gamma=0
country=us
early_stopping=False
smooth=True
