Arch=FF
num_layers=1
sizeof_layers=361
batch_norm=True
Ext=-c
kl_anneal=4.522639046693169
rho_q=1.2180928579944215
rho_op=0.49298296290996324
prior_scale=0.37450395071331916
sizeof_bnn=2
Batch_Size=90
Epochs=272
Gamma=0
country=us
early_stopping=False
smooth=True
