Arch=FF
num_layers=2
sizeof_layers=131
batch_norm=True
Ext=-c
kl_anneal=1.2693949594143263
rho_q=6.738879899611038
rho_op=9.86712744508889
prior_scale=7.721787908033057
sizeof_bnn=3
Batch_Size=93
Epochs=61
Gamma=0
country=us
early_stopping=False
smooth=True
