Arch=FF
num_layers=2
sizeof_layers=282
batch_norm=True
Ext=-c
kl_anneal=0.2565953199287616
rho_q=8.117972058073104
rho_op=9.446298402585391
prior_scale=0.7409707916619818
sizeof_bnn=28
Batch_Size=68
Epochs=237
Gamma=0
country=us
early_stopping=False
smooth=True
