Arch=FF
num_layers=3
sizeof_layers=76
batch_norm=True
Ext=-c
kl_anneal=3.662106000356229
rho_q=0.7677031437534406
rho_op=6.755936460305993
prior_scale=8.209835964059074
sizeof_bnn=24
Batch_Size=106
Epochs=117
Gamma=0
country=us
early_stopping=False
smooth=True
