Arch=FF
num_layers=1
sizeof_layers=68
batch_norm=True
Ext=-c
kl_anneal=2.9852086675775458
rho_q=2.412928277763473
rho_op=5.889108793872237
prior_scale=3.089492182518026
sizeof_bnn=2
Batch_Size=115
Epochs=113
Gamma=0
country=us
early_stopping=False
smooth=True
