Arch=FF
num_layers=2
sizeof_layers=246
batch_norm=True
Ext=-c
kl_anneal=2.0779504689174204
rho_q=7.484737620303256
rho_op=0.9295143608594473
prior_scale=6.508160606653653
sizeof_bnn=7
Batch_Size=74
Epochs=214
Gamma=0
country=us
early_stopping=False
smooth=True
