Arch=FF
num_layers=2
sizeof_layers=244
batch_norm=True
Ext=-c
kl_anneal=3.9947555210820727
rho_q=3.874505359138903
rho_op=7.428192252158701
prior_scale=3.8528806184440922
sizeof_bnn=5
Batch_Size=69
Epochs=206
Gamma=0
country=us
early_stopping=False
smooth=True
