Arch=FF
num_layers=1
sizeof_layers=227
batch_norm=True
Ext=-c
kl_anneal=4.2422269053837764
rho_q=6.64413832838519
rho_op=8.113206994132222
prior_scale=2.3895756986733265
sizeof_bnn=14
Batch_Size=13
Epochs=100
Gamma=0
country=us
early_stopping=False
smooth=True
