Arch=FF
num_layers=1
sizeof_layers=407
batch_norm=True
Ext=-c
kl_anneal=2.0385291541036112
rho_q=6.877364994514022
rho_op=8.268576977920508
prior_scale=4.947898711267365
sizeof_bnn=5
Batch_Size=50
Epochs=438
Gamma=0
country=us
early_stopping=False
smooth=True
