Arch=FF
num_layers=3
sizeof_layers=87
batch_norm=True
Ext=-c
kl_anneal=3.6704764414152415
rho_q=7.705623128856874
rho_op=8.72086809271239
prior_scale=6.257964123869268
sizeof_bnn=9
Batch_Size=67
Epochs=124
Gamma=0
country=us
early_stopping=False
smooth=True
