Arch=FF
num_layers=2
sizeof_layers=214
batch_norm=True
Ext=-c
kl_anneal=1.4594582651422983
rho_q=5.0274276945992
rho_op=8.425130494167878
prior_scale=1.2296176379252406
sizeof_bnn=11
Batch_Size=28
Epochs=122
Gamma=0
country=us
early_stopping=False
smooth=True
