Arch=FF
num_layers=3
sizeof_layers=224
batch_norm=True
Ext=-c
kl_anneal=1.5901485770578636
rho_q=5.948856616048157
rho_op=3.7367034862863213
prior_scale=4.700840193370104
sizeof_bnn=9
Batch_Size=62
Epochs=198
Gamma=0
country=us
early_stopping=False
smooth=True
