Arch=FF
num_layers=2
sizeof_layers=217
batch_norm=True
Ext=-c
kl_anneal=1.8798023537608244
rho_q=2.040341270274339
rho_op=4.9737308093786154
prior_scale=4.108421987791253
sizeof_bnn=5
Batch_Size=25
Epochs=90
Gamma=0
country=us
early_stopping=False
smooth=True
