Arch=FF
num_layers=3
sizeof_layers=354
batch_norm=True
Ext=-c
kl_anneal=2.905574477302945
rho_q=5.2869665564712145
rho_op=4.560757181712722
prior_scale=1.9621025074882399
sizeof_bnn=16
Batch_Size=92
Epochs=293
Gamma=0
country=us
early_stopping=False
smooth=True
