Arch=FF
num_layers=2
sizeof_layers=199
batch_norm=True
Ext=-c
kl_anneal=4.397756958000397
rho_q=2.870880483118284
rho_op=9.17333130220064
prior_scale=1.497883827229918
sizeof_bnn=12
Batch_Size=85
Epochs=135
Gamma=0
country=us
early_stopping=False
smooth=True
