Arch=FF
num_layers=3
sizeof_layers=163
batch_norm=True
Ext=-c
kl_anneal=0.3439265778604943
rho_q=9.46308424482922
rho_op=8.081949361760248
prior_scale=7.971888585988392
sizeof_bnn=8
Batch_Size=19
Epochs=164
Gamma=14
country=us
early_stopping=False
smooth=True
