Arch=FF
num_layers=2
sizeof_layers=466
batch_norm=True
Ext=-c
kl_anneal=1.8096226642486204
rho_q=4.5138178505014315
rho_op=0.1
prior_scale=2.6246567439156276
sizeof_bnn=36
Batch_Size=29
Epochs=368
Gamma=0
country=us
early_stopping=False
smooth=True
