Arch=FF
num_layers=3
sizeof_layers=262
batch_norm=True
Ext=-c
kl_anneal=3.0659231556666717
rho_q=7.943783334107724
rho_op=3.7890319283220926
prior_scale=8.795123337602304
sizeof_bnn=39
Batch_Size=67
Epochs=389
Gamma=0
country=us
early_stopping=False
smooth=True
