Arch=FF
num_layers=3
sizeof_layers=83
batch_norm=True
Ext=-c
kl_anneal=0.7872938841887791
rho_q=7.366795968193661
rho_op=6.996037674451583
prior_scale=7.174030681064151
sizeof_bnn=23
Batch_Size=116
Epochs=106
Gamma=0
country=us
early_stopping=False
smooth=True
