Arch=FF
num_layers=2
sizeof_layers=397
batch_norm=True
Ext=-c
kl_anneal=2.980743604048902
rho_q=6.471226276890448
rho_op=4.798610574795575
prior_scale=5.460667128038835
sizeof_bnn=7
Batch_Size=51
Epochs=420
Gamma=0
country=us
early_stopping=False
smooth=True
