Arch=FF
num_layers=2
sizeof_layers=254
batch_norm=True
Ext=-c
kl_anneal=1.3245663477637115
rho_q=7.282353854048071
rho_op=6.437541310145133
prior_scale=4.3993888573324815
sizeof_bnn=9
Batch_Size=48
Epochs=119
Gamma=0
country=us
early_stopping=False
smooth=True
