Arch=FF
num_layers=2
sizeof_layers=210
batch_norm=True
Ext=-c
kl_anneal=0.6251861172460889
rho_q=5.765127631646272
rho_op=6.065544043283784
prior_scale=6.522143706953604
sizeof_bnn=9
Batch_Size=34
Epochs=107
Gamma=0
country=us
early_stopping=False
smooth=True
