Arch=FF
num_layers=2
sizeof_layers=236
batch_norm=True
Ext=-c
kl_anneal=5.0
rho_q=6.523109372209632
rho_op=6.643828743914784
prior_scale=4.525832842633053
sizeof_bnn=12
Batch_Size=69
Epochs=196
Gamma=0
country=us
early_stopping=False
smooth=True
