Arch=FF
num_layers=3
sizeof_layers=388
batch_norm=True
Ext=-c
kl_anneal=2.052471649937102
rho_q=0.9440295000963325
rho_op=2.0079922140326434
prior_scale=7.1067384292241735
sizeof_bnn=4
Batch_Size=90
Epochs=281
Gamma=0
country=us
early_stopping=False
smooth=True
