Arch=FF
num_layers=1
sizeof_layers=197
batch_norm=True
Ext=-c
kl_anneal=4.413013537423071
rho_q=5.774777927380531
rho_op=2.810798576451641
prior_scale=3.5796430174449245
sizeof_bnn=3
Batch_Size=41
Epochs=217
Gamma=14
country=us
early_stopping=False
smooth=True
