Arch=FF
num_layers=3
sizeof_layers=431
batch_norm=True
Ext=-c
kl_anneal=1.6048661390934247
rho_q=7.064594513599852
rho_op=8.890927988576989
prior_scale=7.348293838504562
sizeof_bnn=60
Batch_Size=50
Epochs=379
Gamma=0
country=us
early_stopping=False
smooth=True
