Arch=FF
num_layers=3
sizeof_layers=324
batch_norm=True
Ext=-c
kl_anneal=2.812248212053622
rho_q=5.093110668028257
rho_op=1.30237642746941
prior_scale=7.4568176434981
sizeof_bnn=105
Batch_Size=109
Epochs=491
Gamma=0
country=us
early_stopping=False
smooth=True
