Arch=FF
num_layers=3
sizeof_layers=253
batch_norm=True
Ext=-c
kl_anneal=4.731931377779555
rho_q=5.012364133385012
rho_op=2.933086081646931
prior_scale=0.27831725252178124
sizeof_bnn=14
Batch_Size=30
Epochs=78
Gamma=0
country=us
early_stopping=False
smooth=True
