Arch=FF
num_layers=2
sizeof_layers=411
batch_norm=True
Ext=-c
kl_anneal=2.7427817686814695
rho_q=9.336810618730583
rho_op=0.2844736495287494
prior_scale=1.189752644086157
sizeof_bnn=18
Batch_Size=67
Epochs=438
Gamma=0
country=us
early_stopping=False
smooth=True
