Arch=FF
num_layers=3
sizeof_layers=245
batch_norm=True
Ext=-c
kl_anneal=4.8969786439547445
rho_q=9.059559198381756
rho_op=2.946421064187397
prior_scale=5.789011856583943
sizeof_bnn=3
Batch_Size=29
Epochs=98
Gamma=0
country=us
early_stopping=False
smooth=True
