Arch=FF
num_layers=1
sizeof_layers=389
batch_norm=True
Ext=-c
kl_anneal=0.2751746026712294
rho_q=2.1335081395451065
rho_op=8.92252514720804
prior_scale=7.774239858608618
sizeof_bnn=4
Batch_Size=101
Epochs=292
Gamma=0
country=us
early_stopping=False
smooth=True
