Arch=FF
num_layers=3
sizeof_layers=342
batch_norm=True
Ext=-c
kl_anneal=2.4447568558253185
rho_q=8.628421239577609
rho_op=4.500608068848696
prior_scale=4.770227576886325
sizeof_bnn=2
Batch_Size=42
Epochs=304
Gamma=14
country=us
early_stopping=False
smooth=True
