Arch=FF
num_layers=2
sizeof_layers=289
batch_norm=True
Ext=-c
kl_anneal=0.9817284216516907
rho_q=7.9491099933176255
rho_op=0.1
prior_scale=1.265619306854164
sizeof_bnn=40
Batch_Size=75
Epochs=302
Gamma=0
country=us
early_stopping=False
smooth=True
