Arch=FF
num_layers=2
sizeof_layers=393
batch_norm=True
Ext=-c
kl_anneal=4.029768507558469
rho_q=2.133287251373656
rho_op=1.8294718651699606
prior_scale=7.527556805568215
sizeof_bnn=86
Batch_Size=61
Epochs=65
Gamma=0
country=us
early_stopping=False
smooth=True
