Arch=FF
num_layers=2
sizeof_layers=61
batch_norm=True
Ext=-c
kl_anneal=4.974797407285321
rho_q=6.238423843991569
rho_op=6.191604315458848
prior_scale=2.880284447457597
sizeof_bnn=50
Batch_Size=116
Epochs=235
Gamma=0
country=us
early_stopping=False
smooth=True
