Arch=FF
num_layers=1
sizeof_layers=238
batch_norm=True
Ext=-c
kl_anneal=3.9152843845642162
rho_q=0.5820825751742814
rho_op=1.896332317013843
prior_scale=7.213214486488915
sizeof_bnn=4
Batch_Size=70
Epochs=202
Gamma=0
country=us
early_stopping=False
smooth=True
