Arch=FF
num_layers=2
sizeof_layers=91
batch_norm=True
Ext=-c
kl_anneal=2.297236134279141
rho_q=7.049569117264777
rho_op=4.944142711585504
prior_scale=9.564220701343919
sizeof_bnn=13
Batch_Size=117
Epochs=124
Gamma=0
country=us
early_stopping=False
smooth=True
