Arch=FF
num_layers=1
sizeof_layers=175
batch_norm=True
Ext=-c
kl_anneal=2.676627514646017
rho_q=0.7229420501340895
rho_op=4.3929728243535235
prior_scale=3.856132205432737
sizeof_bnn=72
Batch_Size=57
Epochs=369
Gamma=14
country=us
early_stopping=False
smooth=True
