Arch=FF
num_layers=1
sizeof_layers=80
batch_norm=True
Ext=-c
kl_anneal=2.800053090454541
rho_q=8.702460831624949
rho_op=5.082651214844131
prior_scale=8.872821309507406
sizeof_bnn=8
Batch_Size=121
Epochs=94
Gamma=0
country=us
early_stopping=False
smooth=True
