Arch=FF
num_layers=3
sizeof_layers=316
batch_norm=True
Ext=-c
kl_anneal=1.1221677301586246
rho_q=8.991751271217922
rho_op=1.0323341290423806
prior_scale=8.647461838269072
sizeof_bnn=4
Batch_Size=70
Epochs=245
Gamma=0
country=us
early_stopping=False
smooth=True
