Arch=FF
num_layers=1
sizeof_layers=379
batch_norm=True
Ext=-c
kl_anneal=4.5461107830752745
rho_q=9.84944222566108
rho_op=9.669675830336931
prior_scale=3.2229005156907453
sizeof_bnn=19
Batch_Size=93
Epochs=276
Gamma=0
country=us
early_stopping=False
smooth=True
