Arch=FF
num_layers=2
sizeof_layers=313
batch_norm=True
Ext=-c
kl_anneal=3.3392257263558363
rho_q=5.736439288009046
rho_op=3.162240818481766
prior_scale=3.62459627380354
sizeof_bnn=8
Batch_Size=80
Epochs=242
Gamma=0
country=us
early_stopping=False
smooth=True
