Arch=FF
num_layers=4
sizeof_layers=210
batch_norm=True
Ext=-c
kl_anneal=1.7590285074316228
rho_q=1.6350350534525022
rho_op=0.1
prior_scale=2.8584293448166513
sizeof_bnn=43
Batch_Size=49
Epochs=456
Gamma=0
country=us
early_stopping=False
smooth=True
