Arch=FF
num_layers=1
sizeof_layers=192
batch_norm=True
Ext=-c
kl_anneal=4.799307090447469
rho_q=5.476874223317294
rho_op=7.020798568346433
prior_scale=2.1889883239335526
sizeof_bnn=28
Batch_Size=27
Epochs=112
Gamma=0
country=us
early_stopping=False
smooth=True
