Arch=FF
num_layers=2
sizeof_layers=74
batch_norm=True
Ext=-c
kl_anneal=4.217097435049041
rho_q=7.1381792483491315
rho_op=7.31217588272058
prior_scale=7.754912648838049
sizeof_bnn=9
Batch_Size=94
Epochs=116
Gamma=0
country=us
early_stopping=False
smooth=True
