Arch=FF
num_layers=3
sizeof_layers=356
batch_norm=True
Ext=-c
kl_anneal=0.1
rho_q=8.025647293009044
rho_op=2.34247072213384
prior_scale=3.5424472139671823
sizeof_bnn=27
Batch_Size=60
Epochs=65
Gamma=0
country=us
early_stopping=False
smooth=True
