Arch=FF
num_layers=2
sizeof_layers=343
batch_norm=True
Ext=-c
kl_anneal=3.6427367861499316
rho_q=7.68444424414885
rho_op=5.576037125550048
prior_scale=1.3493602701626755
sizeof_bnn=30
Batch_Size=88
Epochs=287
Gamma=0
country=us
early_stopping=False
smooth=True
