Arch=FF
num_layers=3
sizeof_layers=82
batch_norm=True
Ext=-c
kl_anneal=2.2053102579412807
rho_q=2.743961122988972
rho_op=9.784705268355983
prior_scale=3.550037484610326
sizeof_bnn=12
Batch_Size=115
Epochs=101
Gamma=0
country=us
early_stopping=False
smooth=True
