Arch=FF
num_layers=2
sizeof_layers=197
batch_norm=True
Ext=-c
kl_anneal=1.8347195758776662
rho_q=3.2038296520871516
rho_op=5.837649510979496
prior_scale=2.251178698254879
sizeof_bnn=4
Batch_Size=92
Epochs=116
Gamma=0
country=us
early_stopping=False
smooth=True
