Arch=FF
num_layers=3
sizeof_layers=248
batch_norm=True
Ext=-c
kl_anneal=4.156890829148175
rho_q=3.1917866210830192
rho_op=8.084357890217985
prior_scale=5.331584227797781
sizeof_bnn=27
Batch_Size=38
Epochs=101
Gamma=0
country=us
early_stopping=False
smooth=True
