Arch=FF
num_layers=3
sizeof_layers=351
batch_norm=True
Ext=-c
kl_anneal=1.119362895528808
rho_q=0.6115634780001086
rho_op=6.025401448137433
prior_scale=8.829957248974301
sizeof_bnn=3
Batch_Size=86
Epochs=285
Gamma=0
country=us
early_stopping=False
smooth=True
