Arch=FF
num_layers=4
sizeof_layers=282
batch_norm=True
Ext=-c
kl_anneal=0.8476761430312224
rho_q=4.722538104451274
rho_op=0.1
prior_scale=7.068782078123711
sizeof_bnn=20
Batch_Size=68
Epochs=237
Gamma=0
country=us
early_stopping=False
smooth=True
