Arch=FF
num_layers=2
sizeof_layers=387
batch_norm=True
Ext=-c
kl_anneal=0.5912996260148051
rho_q=9.769359472485306
rho_op=9.52716455880819
prior_scale=1.9936395961923001
sizeof_bnn=8
Batch_Size=127
Epochs=311
Gamma=0
country=us
early_stopping=False
smooth=True
