Arch=FF
num_layers=1
sizeof_layers=196
batch_norm=True
Ext=-c
kl_anneal=0.5732971599258312
rho_q=3.999454505056066
rho_op=9.039490624341454
prior_scale=2.509402069181736
sizeof_bnn=12
Batch_Size=19
Epochs=119
Gamma=0
country=us
early_stopping=False
smooth=True
