Arch=FF
num_layers=2
sizeof_layers=62
batch_norm=True
Ext=-c
kl_anneal=0.1929572440710103
rho_q=2.314913998093253
rho_op=9.750286133611272
prior_scale=0.602621073661936
sizeof_bnn=91
Batch_Size=64
Epochs=100
Gamma=0
country=us
early_stopping=False
smooth=True
