Arch=FF
num_layers=2
sizeof_layers=324
batch_norm=True
Ext=-c
kl_anneal=2.441984318874253
rho_q=3.882954024272392
rho_op=0.38200485894390857
prior_scale=2.8831858242699786
sizeof_bnn=33
Batch_Size=125
Epochs=231
Gamma=0
country=us
early_stopping=False
smooth=True
