Arch=FF
num_layers=2
sizeof_layers=359
batch_norm=True
Ext=-c
kl_anneal=3.598415613445665
rho_q=3.998650293066178
rho_op=3.840563462967952
prior_scale=2.513773129367337
sizeof_bnn=42
Batch_Size=55
Epochs=81
Gamma=0
country=us
early_stopping=False
smooth=True
