Arch=FF
num_layers=2
sizeof_layers=61
batch_norm=True
Ext=-c
kl_anneal=2.2166671976323915
rho_q=2.773351657663116
rho_op=8.870404880650653
prior_scale=2.554697810989188
sizeof_bnn=34
Batch_Size=110
Epochs=313
Gamma=0
country=us
early_stopping=False
smooth=True
