Arch=FF
num_layers=2
sizeof_layers=94
batch_norm=True
Ext=-c
kl_anneal=1.9860265113491478
rho_q=9.251125357801461
rho_op=3.4061741747632066
prior_scale=7.0561105538917035
sizeof_bnn=21
Batch_Size=88
Epochs=115
Gamma=0
country=us
early_stopping=False
smooth=True
