Arch=FF
num_layers=2
sizeof_layers=235
batch_norm=True
Ext=-c
kl_anneal=2.1275643312587196
rho_q=2.3946937016147
rho_op=9.638762890526138
prior_scale=8.669391516728973
sizeof_bnn=2
Batch_Size=29
Epochs=83
Gamma=0
country=us
early_stopping=False
smooth=True
