Arch=FF
num_layers=1
sizeof_layers=96
batch_norm=True
Ext=-c
kl_anneal=0.9544983543573001
rho_q=9.437431160311615
rho_op=1.0418445398836176
prior_scale=7.686591736624728
sizeof_bnn=11
Batch_Size=107
Epochs=95
Gamma=0
country=us
early_stopping=False
smooth=True
