Arch=FF
num_layers=3
sizeof_layers=316
batch_norm=True
Ext=-c
kl_anneal=1.3112681346620407
rho_q=4.345708628256695
rho_op=1.307711765413866
prior_scale=4.583452379058891
sizeof_bnn=6
Batch_Size=83
Epochs=288
Gamma=0
country=us
early_stopping=False
smooth=True
