Arch=FF
num_layers=1
sizeof_layers=195
batch_norm=True
Ext=-c
kl_anneal=2.3331640202113166
rho_q=4.962830231576715
rho_op=5.947076315940278
prior_scale=1.6511194023977447
sizeof_bnn=14
Batch_Size=18
Epochs=91
Gamma=0
country=us
early_stopping=False
smooth=True
