Arch=FF
num_layers=3
sizeof_layers=149
batch_norm=True
Ext=-c
kl_anneal=0.2174289207127048
rho_q=9.261373492086024
rho_op=1.1474379590977073
prior_scale=5.733348735359299
sizeof_bnn=6
Batch_Size=27
Epochs=177
Gamma=14
country=us
early_stopping=False
smooth=True
