Arch=FF
num_layers=1
sizeof_layers=197
batch_norm=True
Ext=-c
kl_anneal=1.0181213256602255
rho_q=6.873218829218588
rho_op=2.782618091381307
prior_scale=8.678706407561732
sizeof_bnn=10
Batch_Size=76
Epochs=123
Gamma=0
country=us
early_stopping=False
smooth=True
