Arch=FF
num_layers=3
sizeof_layers=215
batch_norm=True
Ext=-c
kl_anneal=1.6233927863979813
rho_q=2.4492679182199666
rho_op=3.648847304081164
prior_scale=5.361564237678226
sizeof_bnn=23
Batch_Size=13
Epochs=91
Gamma=0
country=us
early_stopping=False
smooth=True
