Arch=FF
num_layers=3
sizeof_layers=225
batch_norm=True
Ext=-c
kl_anneal=2.0282723055518312
rho_q=9.247855615874235
rho_op=3.888300757024786
prior_scale=8.185122870025795
sizeof_bnn=12
Batch_Size=21
Epochs=85
Gamma=0
country=us
early_stopping=False
smooth=True
