Arch=FF
num_layers=3
sizeof_layers=78
batch_norm=True
Ext=-c
kl_anneal=0.951777592472529
rho_q=9.155651395064377
rho_op=0.6670335908160303
prior_scale=0.21650854015923213
sizeof_bnn=21
Batch_Size=122
Epochs=110
Gamma=0
country=us
early_stopping=False
smooth=True
