Arch=FF
num_layers=4
sizeof_layers=286
batch_norm=True
Ext=-c
kl_anneal=5.0
rho_q=2.6746290817109513
rho_op=6.862344563646271
prior_scale=4.4151194360642565
sizeof_bnn=10
Batch_Size=123
Epochs=327
Gamma=0
country=us
early_stopping=False
smooth=True
