Arch=FF
num_layers=3
sizeof_layers=351
batch_norm=True
Ext=-c
kl_anneal=4.2826169210484215
rho_q=2.3672927746287478
rho_op=5.3839486160694
prior_scale=1.3267357316130015
sizeof_bnn=96
Batch_Size=118
Epochs=454
Gamma=0
country=us
early_stopping=False
smooth=True
