Arch=FF
num_layers=1
sizeof_layers=461
batch_norm=True
Ext=-c
kl_anneal=4.183605188872765
rho_q=7.678470329491634
rho_op=0.3079585795298446
prior_scale=3.2442239244214757
sizeof_bnn=45
Batch_Size=27
Epochs=364
Gamma=0
country=us
early_stopping=False
smooth=True
