Arch=FF
num_layers=3
sizeof_layers=188
batch_norm=True
Ext=-c
kl_anneal=3.2313222219812205
rho_q=5.443559243227651
rho_op=1.9012020863383203
prior_scale=9.918627354230594
sizeof_bnn=11
Batch_Size=82
Epochs=117
Gamma=0
country=us
early_stopping=False
smooth=True
