Arch=FF
num_layers=1
sizeof_layers=369
batch_norm=True
Ext=-c
kl_anneal=4.085073651069836
rho_q=6.665053711829097
rho_op=2.3769165482897314
prior_scale=9.888065464482166
sizeof_bnn=8
Batch_Size=117
Epochs=271
Gamma=0
country=us
early_stopping=False
smooth=True
