Arch=FF
num_layers=3
sizeof_layers=143
batch_norm=True
Ext=-c
kl_anneal=0.7451094493710786
rho_q=0.5978656527996865
rho_op=6.551994111612979
prior_scale=1.4784734523891523
sizeof_bnn=111
Batch_Size=52
Epochs=212
Gamma=0
country=us
early_stopping=False
smooth=True
