Arch=FF
num_layers=3
sizeof_layers=153
batch_norm=True
Ext=-c
kl_anneal=0.7033134843342914
rho_q=9.937965944000199
rho_op=2.323892689056064
prior_scale=6.149041233864564
sizeof_bnn=6
Batch_Size=40
Epochs=179
Gamma=0
country=us
early_stopping=False
smooth=True
