Arch=FF
num_layers=2
sizeof_layers=300
batch_norm=True
Ext=-c
kl_anneal=2.432655218043164
rho_q=7.604954460569458
rho_op=2.9859292409938005
prior_scale=3.186439050468059
sizeof_bnn=2
Batch_Size=58
Epochs=244
Gamma=0
country=us
early_stopping=False
smooth=True
