Arch=FF
num_layers=1
sizeof_layers=395
batch_norm=True
Ext=-c
kl_anneal=0.42606960159375207
rho_q=3.922028684229521
rho_op=4.7301721240657315
prior_scale=8.424797327042313
sizeof_bnn=11
Batch_Size=48
Epochs=426
Gamma=0
country=us
early_stopping=False
smooth=True
