Arch=FF
num_layers=3
sizeof_layers=303
batch_norm=True
Ext=-c
kl_anneal=1.322771622835504
rho_q=2.8555054785576286
rho_op=2.65340210613472
prior_scale=8.525465541680393
sizeof_bnn=31
Batch_Size=73
Epochs=302
Gamma=14
country=us
early_stopping=False
smooth=True
