Arch=FF
num_layers=2
sizeof_layers=266
batch_norm=True
Ext=-c
kl_anneal=0.8571742499979369
rho_q=0.7568533661136521
rho_op=6.087091516621862
prior_scale=6.705249005007501
sizeof_bnn=40
Batch_Size=74
Epochs=386
Gamma=0
country=us
early_stopping=False
smooth=True
