Arch=FF
num_layers=1
sizeof_layers=159
batch_norm=True
Ext=-c
kl_anneal=2.261939546968875
rho_q=8.733977413929697
rho_op=1.1613789244690789
prior_scale=9.04005784880981
sizeof_bnn=8
Batch_Size=25
Epochs=173
Gamma=0
country=us
early_stopping=False
smooth=True
