Arch=FF
num_layers=1
sizeof_layers=73
batch_norm=True
Ext=-c
kl_anneal=2.4562023331707694
rho_q=8.606332658509393
rho_op=9.81291843338557
prior_scale=3.003175332851095
sizeof_bnn=14
Batch_Size=123
Epochs=88
Gamma=0
country=us
early_stopping=False
smooth=True
