Arch=FF
num_layers=2
sizeof_layers=245
batch_norm=True
Ext=-c
kl_anneal=1.5707909096351538
rho_q=6.475695241319331
rho_op=1.4807104282378856
prior_scale=5.835457250148286
sizeof_bnn=4
Batch_Size=39
Epochs=84
Gamma=0
country=us
early_stopping=False
smooth=True
