Arch=FF
num_layers=1
sizeof_layers=394
batch_norm=True
Ext=-c
kl_anneal=1.4481368994091675
rho_q=8.791838597843663
rho_op=5.8025685496139525
prior_scale=9.131499300100112
sizeof_bnn=4
Batch_Size=99
Epochs=288
Gamma=0
country=us
early_stopping=False
smooth=True
