Arch=FF
num_layers=1
sizeof_layers=200
batch_norm=True
Ext=-c
kl_anneal=0.23109764241335287
rho_q=8.524190166083152
rho_op=7.3940490395114
prior_scale=5.464184187549052
sizeof_bnn=8
Batch_Size=63
Epochs=138
Gamma=0
country=us
early_stopping=False
smooth=True
