Arch=FF
num_layers=2
sizeof_layers=211
batch_norm=True
Ext=-c
kl_anneal=1.1020300714028297
rho_q=2.7473946983017146
rho_op=3.162543987536712
prior_scale=7.469251767346483
sizeof_bnn=21
Batch_Size=29
Epochs=93
Gamma=0
country=us
early_stopping=False
smooth=True
