Arch=FF
num_layers=1
sizeof_layers=370
batch_norm=True
Ext=-c
kl_anneal=1.3451999057611883
rho_q=5.5962793391310655
rho_op=6.962171366103677
prior_scale=6.07680261907689
sizeof_bnn=8
Batch_Size=97
Epochs=311
Gamma=0
country=us
early_stopping=False
smooth=True
