Arch=FF
num_layers=2
sizeof_layers=81
batch_norm=True
Ext=-c
kl_anneal=2.97034098618665
rho_q=10.0
rho_op=2.8977183975781484
prior_scale=5.373262011678612
sizeof_bnn=10
Batch_Size=113
Epochs=111
Gamma=0
country=us
early_stopping=False
smooth=True
