Arch=FF
num_layers=1
sizeof_layers=111
batch_norm=True
Ext=-c
kl_anneal=0.8505317845255796
rho_q=7.3383963290944205
rho_op=2.878291984591142
prior_scale=6.887037485039702
sizeof_bnn=7
Batch_Size=94
Epochs=63
Gamma=0
country=us
early_stopping=False
smooth=True
