Arch=FF
num_layers=1
sizeof_layers=305
batch_norm=True
Ext=-c
kl_anneal=4.189339208719944
rho_q=2.527030285686587
rho_op=7.457281662989162
prior_scale=5.4702371003884895
sizeof_bnn=8
Batch_Size=93
Epochs=487
Gamma=0
country=us
early_stopping=False
smooth=True
