Arch=FF
num_layers=1
sizeof_layers=281
batch_norm=True
Ext=-c
kl_anneal=3.2748492274727683
rho_q=0.720091927771543
rho_op=6.6591983684859475
prior_scale=6.0515704457560044
sizeof_bnn=2
Batch_Size=64
Epochs=100
Gamma=0
country=us
early_stopping=False
smooth=True
