Arch=FF
num_layers=1
sizeof_layers=500
batch_norm=True
Ext=-c
kl_anneal=0.9129695766988695
rho_q=7.077395918670569
rho_op=3.161788265818574
prior_scale=5.232441286681625
sizeof_bnn=56
Batch_Size=55
Epochs=312
Gamma=14
country=us
early_stopping=False
smooth=True
