Arch=FF
num_layers=3
sizeof_layers=325
batch_norm=True
Ext=-c
kl_anneal=1.9347407278468642
rho_q=1.3079840951814459
rho_op=6.910403741804937
prior_scale=6.119200644990896
sizeof_bnn=28
Batch_Size=83
Epochs=343
Gamma=0
country=us
early_stopping=False
smooth=True
