Arch=FF
num_layers=3
sizeof_layers=227
batch_norm=True
Ext=-c
kl_anneal=4.417938909070547
rho_q=6.573251500770816
rho_op=6.469193143060558
prior_scale=7.003106431714566
sizeof_bnn=36
Batch_Size=79
Epochs=79
Gamma=0
country=us
early_stopping=False
smooth=True
