Arch=FF
num_layers=2
sizeof_layers=132
batch_norm=True
Ext=-c
kl_anneal=2.6500881994759338
rho_q=2.4705397522855903
rho_op=7.408964064137194
prior_scale=6.5986109734363305
sizeof_bnn=16
Batch_Size=86
Epochs=143
Gamma=14
country=us
early_stopping=False
smooth=True
