Arch=FF
num_layers=2
sizeof_layers=368
batch_norm=True
Ext=-c
kl_anneal=0.41047723683546844
rho_q=2.0056795752977616
rho_op=7.502754671943576
prior_scale=9.24982341572917
sizeof_bnn=28
Batch_Size=16
Epochs=63
Gamma=0
country=us
early_stopping=False
smooth=True
