Arch=FF
num_layers=2
sizeof_layers=235
batch_norm=True
Ext=-c
kl_anneal=2.104853225427415
rho_q=8.801599882841725
rho_op=0.1
prior_scale=3.6000866664348603
sizeof_bnn=2
Batch_Size=14
Epochs=102
Gamma=0
country=us
early_stopping=False
smooth=True
