Arch=FF
num_layers=3
sizeof_layers=373
batch_norm=True
Ext=-c
kl_anneal=4.301350150349687
rho_q=6.592258289739347
rho_op=6.5982289063076145
prior_scale=8.86251987445514
sizeof_bnn=4
Batch_Size=97
Epochs=297
Gamma=0
country=us
early_stopping=False
smooth=True
