Arch=FF
num_layers=3
sizeof_layers=265
batch_norm=True
Ext=-c
kl_anneal=0.9705770431867482
rho_q=9.995026939267804
rho_op=5.22906794756877
prior_scale=9.578345697150697
sizeof_bnn=11
Batch_Size=12
Epochs=268
Gamma=0
country=us
early_stopping=False
smooth=True
