Arch=FF
num_layers=3
sizeof_layers=361
batch_norm=True
Ext=-c
kl_anneal=1.8265298601973035
rho_q=7.784361496768484
rho_op=8.309009418380699
prior_scale=0.4730205370701305
sizeof_bnn=10
Batch_Size=56
Epochs=275
Gamma=14
country=us
early_stopping=False
smooth=True
