Arch=FF
num_layers=3
sizeof_layers=361
batch_norm=True
Ext=-c
kl_anneal=1.833235246566093
rho_q=3.7797154036141443
rho_op=9.212692383284809
prior_scale=9.575809187539189
sizeof_bnn=25
Batch_Size=104
Epochs=289
Gamma=0
country=us
early_stopping=False
smooth=True
