Arch=FF
num_layers=3
sizeof_layers=236
batch_norm=True
Ext=-c
kl_anneal=3.1734742513680265
rho_q=8.563168454164025
rho_op=3.7828563586609474
prior_scale=9.401209656045632
sizeof_bnn=9
Batch_Size=20
Epochs=98
Gamma=0
country=us
early_stopping=False
smooth=True
