Arch=FF
num_layers=3
sizeof_layers=314
batch_norm=True
Ext=-c
kl_anneal=4.738402760133808
rho_q=7.270048397644887
rho_op=7.0778868605858625
prior_scale=3.6483258974086445
sizeof_bnn=12
Batch_Size=70
Epochs=221
Gamma=0
country=us
early_stopping=False
smooth=True
