Arch=FF
num_layers=1
sizeof_layers=223
batch_norm=True
Ext=-c
kl_anneal=1.2989569711377567
rho_q=6.650050595433119
rho_op=9.912091652735908
prior_scale=6.324910177675105
sizeof_bnn=35
Batch_Size=26
Epochs=107
Gamma=0
country=us
early_stopping=False
smooth=True
