Arch=FF
num_layers=2
sizeof_layers=253
batch_norm=True
Ext=-c
kl_anneal=2.4480711335235226
rho_q=6.298912355252565
rho_op=1.3473319969995419
prior_scale=3.7686283391345077
sizeof_bnn=21
Batch_Size=15
Epochs=95
Gamma=0
country=us
early_stopping=False
smooth=True
