Arch=FF
num_layers=2
sizeof_layers=156
batch_norm=True
Ext=-c
kl_anneal=1.1856856835727896
rho_q=9.102045009262067
rho_op=6.686869071849356
prior_scale=9.523351371487927
sizeof_bnn=18
Batch_Size=16
Epochs=53
Gamma=0
country=us
early_stopping=False
smooth=True
