Arch=FF
num_layers=1
sizeof_layers=231
batch_norm=True
Ext=-c
kl_anneal=0.6268253046711532
rho_q=5.274501372844099
rho_op=3.2922001561396943
prior_scale=5.798223739758234
sizeof_bnn=10
Batch_Size=47
Epochs=196
Gamma=0
country=us
early_stopping=False
smooth=True
