Arch=FF
num_layers=2
sizeof_layers=89
batch_norm=True
Ext=-c
kl_anneal=4.546073788635059
rho_q=1.1271715485233826
rho_op=9.183647665721121
prior_scale=2.749046534873312
sizeof_bnn=18
Batch_Size=126
Epochs=86
Gamma=0
country=us
early_stopping=False
smooth=True
