Arch=FF
num_layers=1
sizeof_layers=194
batch_norm=True
Ext=-c
kl_anneal=0.6027558943239065
rho_q=7.005819943133016
rho_op=1.2613474609141664
prior_scale=3.6835524711994734
sizeof_bnn=4
Batch_Size=76
Epochs=127
Gamma=0
country=us
early_stopping=False
smooth=True
