Arch=FF
num_layers=1
sizeof_layers=247
batch_norm=True
Ext=-c
kl_anneal=1.1814673305879482
rho_q=2.6219674304013494
rho_op=8.32193525736498
prior_scale=3.2311485095788854
sizeof_bnn=3
Batch_Size=46
Epochs=193
Gamma=0
country=us
early_stopping=False
smooth=True
