Arch=FF
num_layers=2
sizeof_layers=244
batch_norm=True
Ext=-c
kl_anneal=2.774770569344669
rho_q=6.824207661303876
rho_op=6.490462938854973
prior_scale=4.547120445777822
sizeof_bnn=14
Batch_Size=17
Epochs=85
Gamma=0
country=us
early_stopping=False
smooth=True
