Arch=FF
num_layers=3
sizeof_layers=236
batch_norm=True
Ext=-c
kl_anneal=3.0304380796961907
rho_q=0.344376035422148
rho_op=2.344980790160818
prior_scale=2.5226717298712
sizeof_bnn=17
Batch_Size=9
Epochs=110
Gamma=0
country=us
early_stopping=False
smooth=True
