Arch=FF
num_layers=2
sizeof_layers=371
batch_norm=True
Ext=-c
kl_anneal=2.539765986781148
rho_q=7.177720521748581
rho_op=6.301755162887239
prior_scale=5.76230109796838
sizeof_bnn=16
Batch_Size=90
Epochs=288
Gamma=0
country=us
early_stopping=False
smooth=True
