Arch=FF
num_layers=2
sizeof_layers=249
batch_norm=True
Ext=-c
kl_anneal=0.3471013685733983
rho_q=7.0377289416043975
rho_op=6.753951615353761
prior_scale=8.988508467823774
sizeof_bnn=15
Batch_Size=50
Epochs=204
Gamma=0
country=us
early_stopping=False
smooth=True
