Arch=FF
num_layers=1
sizeof_layers=57
batch_norm=True
Ext=-c
kl_anneal=1.0957680853296219
rho_q=1.6154319804871178
rho_op=2.873305730915124
prior_scale=1.9648124527291868
sizeof_bnn=9
Batch_Size=122
Epochs=110
Gamma=0
country=us
early_stopping=False
smooth=True
