Arch=FF
num_layers=3
sizeof_layers=95
batch_norm=True
Ext=-c
kl_anneal=4.534237841078055
rho_q=5.5822966553470454
rho_op=8.153778126891089
prior_scale=5.904775246345442
sizeof_bnn=15
Batch_Size=98
Epochs=113
Gamma=0
country=us
early_stopping=False
smooth=True
