Arch=FF
num_layers=1
sizeof_layers=414
batch_norm=True
Ext=-c
kl_anneal=1.2674856907516103
rho_q=3.888273604433625
rho_op=2.1518900957107423
prior_scale=3.24304752667789
sizeof_bnn=21
Batch_Size=38
Epochs=435
Gamma=0
country=us
early_stopping=False
smooth=True
