Arch=FF
num_layers=3
sizeof_layers=369
batch_norm=True
Ext=-c
kl_anneal=0.4090301471129255
rho_q=0.6318307541449504
rho_op=4.796263094168575
prior_scale=6.724212095737293
sizeof_bnn=14
Batch_Size=102
Epochs=306
Gamma=0
country=us
early_stopping=False
smooth=True
