Arch=FF
num_layers=3
sizeof_layers=302
batch_norm=True
Ext=-c
kl_anneal=3.7371913793862843
rho_q=5.131424674720058
rho_op=3.252294220713818
prior_scale=7.851484834796505
sizeof_bnn=8
Batch_Size=84
Epochs=217
Gamma=0
country=us
early_stopping=False
smooth=True
