Arch=FF
num_layers=1
sizeof_layers=443
batch_norm=True
Ext=-c
kl_anneal=1.0339288397218087
rho_q=4.000173918864475
rho_op=0.7273123442847165
prior_scale=4.340954708420091
sizeof_bnn=8
Batch_Size=45
Epochs=439
Gamma=0
country=us
early_stopping=False
smooth=True
