Arch=FF
num_layers=3
sizeof_layers=363
batch_norm=True
Ext=-c
kl_anneal=4.179333377190288
rho_q=3.954487818734864
rho_op=3.875146834780642
prior_scale=6.521861859095144
sizeof_bnn=5
Batch_Size=111
Epochs=291
Gamma=0
country=us
early_stopping=False
smooth=True
