Arch=FF
num_layers=3
sizeof_layers=465
batch_norm=True
Ext=-c
kl_anneal=2.638203860874806
rho_q=3.135867676702715
rho_op=1.2448423560632398
prior_scale=3.2544181883603507
sizeof_bnn=25
Batch_Size=21
Epochs=374
Gamma=0
country=us
early_stopping=False
smooth=True
