Arch=FF
num_layers=1
sizeof_layers=149
batch_norm=True
Ext=-c
kl_anneal=1.8441053949212776
rho_q=8.798005719398487
rho_op=3.800606584133578
prior_scale=7.222134913077902
sizeof_bnn=13
Batch_Size=14
Epochs=50
Gamma=0
country=us
early_stopping=False
smooth=True
