Arch=FF
num_layers=1
sizeof_layers=359
batch_norm=True
Ext=-c
kl_anneal=4.942816211197406
rho_q=8.150016832889742
rho_op=6.477123428659971
prior_scale=0.3964153798347876
sizeof_bnn=15
Batch_Size=123
Epochs=310
Gamma=0
country=us
early_stopping=False
smooth=True
