Arch=FF
num_layers=3
sizeof_layers=120
batch_norm=True
Ext=-c
kl_anneal=3.0936219239472127
rho_q=7.211903376044331
rho_op=1.4592469489867197
prior_scale=7.308836644185077
sizeof_bnn=6
Batch_Size=89
Epochs=54
Gamma=0
country=us
early_stopping=False
smooth=True
