Arch=FF
num_layers=3
sizeof_layers=81
batch_norm=True
Ext=-c
kl_anneal=0.22451315625422114
rho_q=7.277089219701116
rho_op=6.468911147276762
prior_scale=1.0172115080541408
sizeof_bnn=10
Batch_Size=101
Epochs=121
Gamma=0
country=us
early_stopping=False
smooth=True
