Arch=FF
num_layers=2
sizeof_layers=134
batch_norm=True
Ext=-c
kl_anneal=3.967314686968998
rho_q=2.3947254091207877
rho_op=6.937539711186819
prior_scale=6.554251029898343
sizeof_bnn=43
Batch_Size=32
Epochs=238
Gamma=14
country=us
early_stopping=False
smooth=True
