Arch=FF
num_layers=1
sizeof_layers=247
batch_norm=True
Ext=-c
kl_anneal=4.036208034440538
rho_q=4.759768001674612
rho_op=6.8411600139027104
prior_scale=4.227916261948769
sizeof_bnn=5
Batch_Size=34
Epochs=87
Gamma=0
country=us
early_stopping=False
smooth=True
