Arch=FF
num_layers=2
sizeof_layers=392
batch_norm=True
Ext=-c
kl_anneal=3.9577802013468744
rho_q=7.782438827586555
rho_op=9.233770938638992
prior_scale=1.517958654968355
sizeof_bnn=76
Batch_Size=7
Epochs=320
Gamma=0
country=us
early_stopping=False
smooth=True
