Arch=FF
num_layers=1
sizeof_layers=367
batch_norm=True
Ext=-c
kl_anneal=3.911576101026878
rho_q=2.0179263734949466
rho_op=2.1922308213064094
prior_scale=5.02632490772923
sizeof_bnn=9
Batch_Size=83
Epochs=287
Gamma=0
country=us
early_stopping=False
smooth=True
