Arch=FF
num_layers=3
sizeof_layers=355
batch_norm=True
Ext=-c
kl_anneal=4.781454484362183
rho_q=1.907533483958283
rho_op=5.476570465512516
prior_scale=9.441861073063704
sizeof_bnn=31
Batch_Size=72
Epochs=71
Gamma=0
country=us
early_stopping=False
smooth=True
