Arch=FF
num_layers=2
sizeof_layers=89
batch_norm=True
Ext=-c
kl_anneal=2.1749097088436065
rho_q=10.0
rho_op=4.540814090565783
prior_scale=6.148250069933803
sizeof_bnn=8
Batch_Size=117
Epochs=91
Gamma=0
country=us
early_stopping=False
smooth=True
