Arch=FF
num_layers=3
sizeof_layers=259
batch_norm=True
Ext=-c
kl_anneal=4.904791232462538
rho_q=6.974685428426981
rho_op=0.32569116398516906
prior_scale=8.847581423588004
sizeof_bnn=89
Batch_Size=21
Epochs=345
Gamma=14
country=us
early_stopping=False
smooth=True
