Arch=FF
num_layers=3
sizeof_layers=252
batch_norm=True
Ext=-c
kl_anneal=3.693418051754595
rho_q=8.828200979249775
rho_op=0.5468633436922543
prior_scale=9.517251361132708
sizeof_bnn=8
Batch_Size=66
Epochs=116
Gamma=0
country=us
early_stopping=False
smooth=True
