Arch=FF
num_layers=2
sizeof_layers=302
batch_norm=True
Ext=-c
kl_anneal=3.2978514671743713
rho_q=4.5274506448229355
rho_op=6.306971737445251
prior_scale=4.700200755920052
sizeof_bnn=11
Batch_Size=76
Epochs=219
Gamma=0
country=us
early_stopping=False
smooth=True
