Arch=FF
num_layers=3
sizeof_layers=178
batch_norm=True
Ext=-c
kl_anneal=1.5709488241223493
rho_q=4.2887134378511425
rho_op=8.923437463373913
prior_scale=5.701472180524611
sizeof_bnn=34
Batch_Size=55
Epochs=220
Gamma=0
country=us
early_stopping=False
smooth=True
