Arch=FF
num_layers=3
sizeof_layers=94
batch_norm=True
Ext=-c
kl_anneal=2.393113653317704
rho_q=2.954993658079948
rho_op=8.93864027114698
prior_scale=2.973982580301433
sizeof_bnn=3
Batch_Size=90
Epochs=99
Gamma=0
country=us
early_stopping=False
smooth=True
