Arch=FF
num_layers=1
sizeof_layers=309
batch_norm=True
Ext=-c
kl_anneal=2.182120940963165
rho_q=1.329091447517929
rho_op=8.269715221792879
prior_scale=2.5840583366088286
sizeof_bnn=5
Batch_Size=64
Epochs=228
Gamma=0
country=us
early_stopping=False
smooth=True
