Arch=FF
num_layers=2
sizeof_layers=53
batch_norm=True
Ext=-c
kl_anneal=2.8917734769744134
rho_q=3.6746673342887837
rho_op=5.444179564606807
prior_scale=0.6593316524728927
sizeof_bnn=7
Batch_Size=124
Epochs=116
Gamma=0
country=us
early_stopping=False
smooth=True
