Arch=FF
num_layers=2
sizeof_layers=118
batch_norm=True
Ext=-c
kl_anneal=3.3443173050111024
rho_q=7.454043775253328
rho_op=0.5021806816634355
prior_scale=9.415132254824083
sizeof_bnn=9
Batch_Size=101
Epochs=54
Gamma=0
country=us
early_stopping=False
smooth=True
