Arch=FF
num_layers=2
sizeof_layers=215
batch_norm=True
Ext=-c
kl_anneal=3.5802550667932915
rho_q=5.906556225463266
rho_op=9.694474294304529
prior_scale=1.8175035981831145
sizeof_bnn=8
Batch_Size=22
Epochs=105
Gamma=0
country=us
early_stopping=False
smooth=True
