Arch=FF
num_layers=1
sizeof_layers=358
batch_norm=True
Ext=-c
kl_anneal=2.44082351808416
rho_q=8.036011515422672
rho_op=3.624227393443955
prior_scale=4.177762771418394
sizeof_bnn=10
Batch_Size=89
Epochs=294
Gamma=0
country=us
early_stopping=False
smooth=True
