Arch=FF
num_layers=1
sizeof_layers=149
batch_norm=True
Ext=-c
kl_anneal=1.6644739484633233
rho_q=5.548028505675036
rho_op=8.439772430979344
prior_scale=5.309216652052841
sizeof_bnn=9
Batch_Size=51
Epochs=205
Gamma=14
country=us
early_stopping=False
smooth=True
