Arch=FF
num_layers=1
sizeof_layers=100
batch_norm=True
Ext=-c
kl_anneal=2.4673141225202238
rho_q=7.1735884996335555
rho_op=6.631691321457126
prior_scale=2.7533766112072198
sizeof_bnn=20
Batch_Size=121
Epochs=119
Gamma=0
country=us
early_stopping=False
smooth=True
