Arch=FF
num_layers=1
sizeof_layers=168
batch_norm=True
Ext=-c
kl_anneal=0.2760804868987915
rho_q=5.792545445188041
rho_op=1.1715219190826351
prior_scale=6.4813786832979785
sizeof_bnn=27
Batch_Size=12
Epochs=103
Gamma=14
country=us
early_stopping=False
smooth=True
