Arch=FF
num_layers=1
sizeof_layers=324
batch_norm=True
Ext=-c
kl_anneal=0.5757809104715664
rho_q=7.852517768147509
rho_op=1.2952694505742344
prior_scale=6.753963802198403
sizeof_bnn=59
Batch_Size=72
Epochs=141
Gamma=0
country=us
early_stopping=False
smooth=True
