Arch=FF
num_layers=3
sizeof_layers=93
batch_norm=True
Ext=-c
kl_anneal=1.1177260195731915
rho_q=3.2260491881962974
rho_op=6.874681525872409
prior_scale=8.887421638809386
sizeof_bnn=6
Batch_Size=109
Epochs=120
Gamma=0
country=us
early_stopping=False
smooth=True
