Arch=FF
num_layers=3
sizeof_layers=102
batch_norm=True
Ext=-c
kl_anneal=4.926566670426702
rho_q=7.958208826270171
rho_op=2.7466217801008943
prior_scale=4.3256826166250395
sizeof_bnn=2
Batch_Size=118
Epochs=111
Gamma=0
country=us
early_stopping=False
smooth=True
