Arch=FF
num_layers=2
sizeof_layers=253
batch_norm=True
Ext=-c
kl_anneal=3.2082368846495557
rho_q=7.438139462842423
rho_op=4.8598564583555754
prior_scale=1.9370905043854938
sizeof_bnn=6
Batch_Size=32
Epochs=90
Gamma=0
country=us
early_stopping=False
smooth=True
