Arch=FF
num_layers=2
sizeof_layers=302
batch_norm=True
Ext=-c
kl_anneal=3.4579465144757884
rho_q=2.5419283699875797
rho_op=4.804137073540046
prior_scale=5.619598373045715
sizeof_bnn=13
Batch_Size=74
Epochs=304
Gamma=14
country=us
early_stopping=False
smooth=True
