Arch=FF
num_layers=1
sizeof_layers=266
batch_norm=True
Ext=-c
kl_anneal=0.44629516899556065
rho_q=5.068609839580465
rho_op=6.797535740818244
prior_scale=7.472778729376263
sizeof_bnn=21
Batch_Size=61
Epochs=202
Gamma=0
country=us
early_stopping=False
smooth=True
