Arch=FF
num_layers=2
sizeof_layers=314
batch_norm=True
Ext=-c
kl_anneal=4.377196094744146
rho_q=4.263280418973963
rho_op=0.6310122782569266
prior_scale=7.050973312667476
sizeof_bnn=2
Batch_Size=84
Epochs=226
Gamma=0
country=us
early_stopping=False
smooth=True
