Arch=FF
num_layers=3
sizeof_layers=211
batch_norm=True
Ext=-c
kl_anneal=4.344330341882433
rho_q=7.276724886007383
rho_op=4.6281525520886495
prior_scale=6.447250993168683
sizeof_bnn=17
Batch_Size=27
Epochs=106
Gamma=0
country=us
early_stopping=False
smooth=True
