Arch=FF
num_layers=2
sizeof_layers=370
batch_norm=True
Ext=-c
kl_anneal=4.210645935995532
rho_q=4.383354482103474
rho_op=6.0723567327732155
prior_scale=3.546981356652261
sizeof_bnn=5
Batch_Size=91
Epochs=280
Gamma=0
country=us
early_stopping=False
smooth=True
