Arch=FF
num_layers=3
sizeof_layers=70
batch_norm=True
Ext=-c
kl_anneal=2.6873837304529924
rho_q=2.79828065335091
rho_op=9.658125363214268
prior_scale=7.496672131670906
sizeof_bnn=12
Batch_Size=100
Epochs=145
Gamma=0
country=us
early_stopping=False
smooth=True
