Arch=FF
num_layers=4
sizeof_layers=313
batch_norm=True
Ext=-c
kl_anneal=4.398285344243715
rho_q=8.767939408263983
rho_op=7.588127351842765
prior_scale=10.0
sizeof_bnn=17
Batch_Size=84
Epochs=494
Gamma=0
country=us
early_stopping=False
smooth=True
