Arch=FF
num_layers=3
sizeof_layers=233
batch_norm=True
Ext=-c
kl_anneal=4.470997615036536
rho_q=2.8402537401114936
rho_op=0.13226246951199452
prior_scale=8.220771897264314
sizeof_bnn=116
Batch_Size=64
Epochs=100
Gamma=0
country=us
early_stopping=False
smooth=True
