Arch=FF
num_layers=1
sizeof_layers=463
batch_norm=True
Ext=-c
kl_anneal=2.7584162553749887
rho_q=2.992934704004975
rho_op=0.9223345438442202
prior_scale=2.0257390041063457
sizeof_bnn=36
Batch_Size=25
Epochs=361
Gamma=0
country=us
early_stopping=False
smooth=True
