Arch=FF
num_layers=2
sizeof_layers=460
batch_norm=True
Ext=-c
kl_anneal=2.8991983942697614
rho_q=5.508175448771812
rho_op=0.1
prior_scale=0.8605067345714262
sizeof_bnn=27
Batch_Size=24
Epochs=369
Gamma=0
country=us
early_stopping=False
smooth=True
