Arch=FF
num_layers=3
sizeof_layers=83
batch_norm=True
Ext=-c
kl_anneal=3.2531127682026977
rho_q=7.076620507064014
rho_op=1.3686881003788491
prior_scale=4.842784200114954
sizeof_bnn=9
Batch_Size=126
Epochs=97
Gamma=0
country=us
early_stopping=False
smooth=True
