Arch=FF
num_layers=4
sizeof_layers=92
batch_norm=True
Ext=-c
kl_anneal=2.363090704126129
rho_q=10.0
rho_op=7.236022139786325
prior_scale=3.4250094778976545
sizeof_bnn=11
Batch_Size=110
Epochs=102
Gamma=0
country=us
early_stopping=False
smooth=True
