Arch=FF
num_layers=3
sizeof_layers=347
batch_norm=True
Ext=-c
kl_anneal=3.282996796552988
rho_q=1.0118604314827657
rho_op=3.4658365402039375
prior_scale=2.0569569569098047
sizeof_bnn=3
Batch_Size=75
Epochs=297
Gamma=0
country=us
early_stopping=False
smooth=True
