Arch=FF
num_layers=2
sizeof_layers=284
batch_norm=True
Ext=-c
kl_anneal=1.7506371197728865
rho_q=9.98164831307749
rho_op=2.9621192317757594
prior_scale=8.984043641624059
sizeof_bnn=45
Batch_Size=72
Epochs=297
Gamma=0
country=us
early_stopping=False
smooth=True
