Arch=FF
num_layers=2
sizeof_layers=303
batch_norm=True
Ext=-c
kl_anneal=3.905716912884317
rho_q=7.454215713335336
rho_op=5.698422721328764
prior_scale=6.237963699004245
sizeof_bnn=4
Batch_Size=52
Epochs=314
Gamma=14
country=us
early_stopping=False
smooth=True
