Arch=FF
num_layers=1
sizeof_layers=284
batch_norm=True
Ext=-c
kl_anneal=3.5965960957236836
rho_q=1.534638862548287
rho_op=6.860584859852677
prior_scale=0.8959811128434565
sizeof_bnn=31
Batch_Size=77
Epochs=240
Gamma=0
country=us
early_stopping=False
smooth=True
