Arch=FF
num_layers=3
sizeof_layers=128
batch_norm=True
Ext=-c
kl_anneal=4.47767514454204
rho_q=0.20088588699941928
rho_op=8.35362291128563
prior_scale=2.1871785414091787
sizeof_bnn=31
Batch_Size=64
Epochs=100
Gamma=0
country=us
early_stopping=False
smooth=True
