Arch=FF
num_layers=3
sizeof_layers=155
batch_norm=True
Ext=-c
kl_anneal=4.186007401576762
rho_q=10.0
rho_op=2.067311353747785
prior_scale=3.8745776543837827
sizeof_bnn=8
Batch_Size=29
Epochs=177
Gamma=0
country=us
early_stopping=False
smooth=True
