Arch=FF
num_layers=3
sizeof_layers=215
batch_norm=True
Ext=-c
kl_anneal=3.7154694691183616
rho_q=6.04866552940269
rho_op=1.2045475091148694
prior_scale=2.1974889579188757
sizeof_bnn=44
Batch_Size=41
Epochs=456
Gamma=0
country=us
early_stopping=False
smooth=True
