Arch=FF
num_layers=2
sizeof_layers=256
batch_norm=True
Ext=-c
kl_anneal=0.9181783775015601
rho_q=3.8228502433607057
rho_op=1.4081735792797403
prior_scale=2.7599944967943153
sizeof_bnn=10
Batch_Size=49
Epochs=227
Gamma=0
country=us
early_stopping=False
smooth=True
