Arch=FF
num_layers=2
sizeof_layers=92
batch_norm=True
Ext=-c
kl_anneal=3.466803412769986
rho_q=4.888192726278892
rho_op=6.07540734683999
prior_scale=7.422522383158958
sizeof_bnn=22
Batch_Size=119
Epochs=108
Gamma=0
country=us
early_stopping=False
smooth=True
