Arch=FF
num_layers=1
sizeof_layers=269
batch_norm=True
Ext=-c
kl_anneal=3.765220128506275
rho_q=7.288983389904716
rho_op=5.780170898055125
prior_scale=3.4304531537564316
sizeof_bnn=4
Batch_Size=64
Epochs=100
Gamma=0
country=us
early_stopping=False
smooth=True
