Arch=FF
num_layers=1
sizeof_layers=215
batch_norm=True
Ext=-c
kl_anneal=4.973212363836359
rho_q=3.181792133128094
rho_op=6.7807457403962665
prior_scale=3.4016794080037482
sizeof_bnn=34
Batch_Size=94
Epochs=86
Gamma=0
country=us
early_stopping=False
smooth=True
