Arch=FF
num_layers=1
sizeof_layers=294
batch_norm=True
Ext=-c
kl_anneal=4.9521072024252595
rho_q=9.742199707778578
rho_op=0.1
prior_scale=4.258879888147453
sizeof_bnn=106
Batch_Size=20
Epochs=112
Gamma=0
country=us
early_stopping=False
smooth=True
