Arch=FF
num_layers=3
sizeof_layers=208
batch_norm=True
Ext=-c
kl_anneal=3.9320812207848754
rho_q=6.436289642305322
rho_op=8.021849667580286
prior_scale=9.019222399958542
sizeof_bnn=4
Batch_Size=80
Epochs=130
Gamma=0
country=us
early_stopping=False
smooth=True
