Arch=FF
num_layers=3
sizeof_layers=113
batch_norm=True
Ext=-c
kl_anneal=4.798573879099017
rho_q=3.2532991777733855
rho_op=5.68717193989687
prior_scale=5.470790547607509
sizeof_bnn=119
Batch_Size=63
Epochs=368
Gamma=14
country=us
early_stopping=False
smooth=True
