Arch=FF
num_layers=4
sizeof_layers=198
batch_norm=True
Ext=-c
kl_anneal=4.707923474809316
rho_q=9.964620726006284
rho_op=2.086860175974143
prior_scale=7.902002697033037
sizeof_bnn=19
Batch_Size=21
Epochs=207
Gamma=14
country=us
early_stopping=False
smooth=True
