Arch=FF
num_layers=3
sizeof_layers=249
batch_norm=True
Ext=-c
kl_anneal=2.958747199862054
rho_q=9.646317927115732
rho_op=1.9174085905072666
prior_scale=4.818973443565367
sizeof_bnn=6
Batch_Size=43
Epochs=102
Gamma=0
country=us
early_stopping=False
smooth=True
