Arch=FF
num_layers=3
sizeof_layers=303
batch_norm=True
Ext=-c
kl_anneal=0.2403709994245737
rho_q=8.116085127068649
rho_op=1.9889004002926707
prior_scale=0.9874521777155852
sizeof_bnn=5
Batch_Size=67
Epochs=243
Gamma=0
country=us
early_stopping=False
smooth=True
