Arch=FF
num_layers=1
sizeof_layers=356
batch_norm=True
Ext=-c
kl_anneal=1.9553739278430797
rho_q=9.624717013749647
rho_op=6.495681947262815
prior_scale=2.2711766376074563
sizeof_bnn=43
Batch_Size=74
Epochs=82
Gamma=0
country=us
early_stopping=False
smooth=True
