Arch=FF
num_layers=1
sizeof_layers=94
batch_norm=True
Ext=-c
kl_anneal=4.153664473408463
rho_q=7.37697897981866
rho_op=7.12911479389315
prior_scale=5.346394836808878
sizeof_bnn=2
Batch_Size=123
Epochs=89
Gamma=0
country=us
early_stopping=False
smooth=True
