Arch=FF
num_layers=3
sizeof_layers=419
batch_norm=True
Ext=-c
kl_anneal=3.869008976831937
rho_q=9.323414153983123
rho_op=2.1881625358965837
prior_scale=2.3408934876821776
sizeof_bnn=25
Batch_Size=32
Epochs=440
Gamma=0
country=us
early_stopping=False
smooth=True
