Arch=FF
num_layers=1
sizeof_layers=234
batch_norm=True
Ext=-c
kl_anneal=4.885250409518934
rho_q=1.4915000420468352
rho_op=1.5638584069545294
prior_scale=5.469154689988097
sizeof_bnn=15
Batch_Size=27
Epochs=105
Gamma=0
country=us
early_stopping=False
smooth=True
