Arch=FF
num_layers=3
sizeof_layers=296
batch_norm=True
Ext=-c
kl_anneal=3.0049569641708054
rho_q=3.6073585085114606
rho_op=1.5657740417603423
prior_scale=9.619964271223306
sizeof_bnn=34
Batch_Size=67
Epochs=309
Gamma=0
country=us
early_stopping=False
smooth=True
