Arch=FF
num_layers=3
sizeof_layers=222
batch_norm=True
Ext=-c
kl_anneal=3.1390310779061275
rho_q=9.185390971447173
rho_op=4.517323385418085
prior_scale=6.227491401257994
sizeof_bnn=7
Batch_Size=39
Epochs=100
Gamma=0
country=us
early_stopping=False
smooth=True
