Arch=FF
num_layers=2
sizeof_layers=339
batch_norm=True
Ext=-c
kl_anneal=4.785613664138867
rho_q=2.008757042882666
rho_op=0.4845060302631098
prior_scale=6.895473581748455
sizeof_bnn=23
Batch_Size=38
Epochs=284
Gamma=14
country=us
early_stopping=False
smooth=True
