Arch=FF
num_layers=1
sizeof_layers=275
batch_norm=True
Ext=-c
kl_anneal=0.2400529784999565
rho_q=7.023376113766354
rho_op=8.650889549376398
prior_scale=5.6740840964389605
sizeof_bnn=27
Batch_Size=27
Epochs=94
Gamma=0
country=us
early_stopping=False
smooth=True
