Arch=FF
num_layers=1
sizeof_layers=374
batch_norm=True
Ext=-c
kl_anneal=1.3433629587873044
rho_q=9.521253135734078
rho_op=2.773398940361766
prior_scale=2.352775746695134
sizeof_bnn=8
Batch_Size=91
Epochs=274
Gamma=0
country=us
early_stopping=False
smooth=True
