Arch=FF
num_layers=1
sizeof_layers=109
batch_norm=True
Ext=-c
kl_anneal=0.35034699562876637
rho_q=7.986040630202764
rho_op=1.6305966256257394
prior_scale=5.269195969511853
sizeof_bnn=10
Batch_Size=43
Epochs=425
Gamma=14
country=us
early_stopping=False
smooth=True
