Arch=FF
num_layers=2
sizeof_layers=315
batch_norm=True
Ext=-c
kl_anneal=3.2937320919050515
rho_q=9.26666573005672
rho_op=2.379156077231491
prior_scale=7.5743199884698384
sizeof_bnn=5
Batch_Size=68
Epochs=218
Gamma=0
country=us
early_stopping=False
smooth=True
