Arch=FF
num_layers=2
sizeof_layers=209
batch_norm=True
Ext=-c
kl_anneal=3.622524181038013
rho_q=7.885096491286144
rho_op=4.271223486923661
prior_scale=8.833422769539672
sizeof_bnn=17
Batch_Size=27
Epochs=85
Gamma=0
country=us
early_stopping=False
smooth=True
