Arch=FF
num_layers=4
sizeof_layers=308
batch_norm=True
Ext=-c
kl_anneal=5.0
rho_q=8.470947320391677
rho_op=3.3587614576566573
prior_scale=0.07543138540623126
sizeof_bnn=2
Batch_Size=92
Epochs=298
Gamma=0
country=us
early_stopping=False
smooth=True
