Arch=FF
num_layers=3
sizeof_layers=241
batch_norm=True
Ext=-c
kl_anneal=3.35555338100031
rho_q=1.9245542806971438
rho_op=4.614912018462874
prior_scale=7.405451380071768
sizeof_bnn=8
Batch_Size=46
Epochs=77
Gamma=0
country=us
early_stopping=False
smooth=True
