Arch=FF
num_layers=3
sizeof_layers=366
batch_norm=True
Ext=-c
kl_anneal=3.258720760861981
rho_q=4.345483099324769
rho_op=1.5985040805348316
prior_scale=2.416994565033385
sizeof_bnn=10
Batch_Size=122
Epochs=301
Gamma=0
country=us
early_stopping=False
smooth=True
