Arch=FF
num_layers=3
sizeof_layers=245
batch_norm=True
Ext=-c
kl_anneal=0.8842324496987347
rho_q=3.244294274588347
rho_op=7.464919228474258
prior_scale=7.206702806677528
sizeof_bnn=4
Batch_Size=53
Epochs=113
Gamma=0
country=us
early_stopping=False
smooth=True
