Arch=FF
num_layers=2
sizeof_layers=369
batch_norm=True
Ext=-c
kl_anneal=1.7646971435078205
rho_q=2.4292110760134547
rho_op=6.158732894607503
prior_scale=9.429969997027401
sizeof_bnn=15
Batch_Size=90
Epochs=280
Gamma=0
country=us
early_stopping=False
smooth=True
