Arch=FF
num_layers=3
sizeof_layers=56
batch_norm=True
Ext=-c
kl_anneal=2.2544409862897257
rho_q=7.075768886956551
rho_op=7.8772359192507535
prior_scale=6.205044625693397
sizeof_bnn=6
Batch_Size=121
Epochs=121
Gamma=0
country=us
early_stopping=False
smooth=True
