Arch=FF
num_layers=1
sizeof_layers=346
batch_norm=True
Ext=-c
kl_anneal=0.5226350493431609
rho_q=2.618772376591597
rho_op=0.47894645034307504
prior_scale=8.611222889470426
sizeof_bnn=10
Batch_Size=89
Epochs=255
Gamma=14
country=us
early_stopping=False
smooth=True
