Arch=FF
num_layers=3
sizeof_layers=382
batch_norm=True
Ext=-c
kl_anneal=1.9722968254461661
rho_q=4.812874503916026
rho_op=7.6035127933331905
prior_scale=1.035752329067965
sizeof_bnn=30
Batch_Size=114
Epochs=294
Gamma=0
country=us
early_stopping=False
smooth=True
