Arch=FF
num_layers=3
sizeof_layers=283
batch_norm=True
Ext=-c
kl_anneal=4.367296775333119
rho_q=0.8415919316937659
rho_op=6.747595190223104
prior_scale=2.8944946272865053
sizeof_bnn=17
Batch_Size=80
Epochs=243
Gamma=0
country=us
early_stopping=False
smooth=True
