Arch=FF
num_layers=3
sizeof_layers=254
batch_norm=True
Ext=-c
kl_anneal=1.0995856090079723
rho_q=2.4369510276640756
rho_op=2.3263115871077775
prior_scale=4.429494948335432
sizeof_bnn=73
Batch_Size=16
Epochs=359
Gamma=14
country=us
early_stopping=False
smooth=True
