Arch=FF
num_layers=1
sizeof_layers=247
batch_norm=True
Ext=-c
kl_anneal=4.549688241806518
rho_q=6.004154669177536
rho_op=4.014476439427463
prior_scale=3.769308395983976
sizeof_bnn=10
Batch_Size=38
Epochs=99
Gamma=0
country=us
early_stopping=False
smooth=True
