Arch=FF
num_layers=2
sizeof_layers=85
batch_norm=True
Ext=-c
kl_anneal=0.16498822130931415
rho_q=8.82877276954232
rho_op=6.694318329614828
prior_scale=9.519364544394849
sizeof_bnn=2
Batch_Size=90
Epochs=115
Gamma=0
country=us
early_stopping=False
smooth=True
