Arch=FF
num_layers=2
sizeof_layers=72
batch_norm=True
Ext=-c
kl_anneal=0.36466299138469016
rho_q=7.116088486884451
rho_op=2.9534643607694457
prior_scale=6.693677260456817
sizeof_bnn=8
Batch_Size=123
Epochs=96
Gamma=0
country=us
early_stopping=False
smooth=True
