Arch=FF
num_layers=3
sizeof_layers=359
batch_norm=True
Ext=-c
kl_anneal=0.32849283281560293
rho_q=2.9236360563324104
rho_op=4.38575459785887
prior_scale=1.1788322384514607
sizeof_bnn=36
Batch_Size=35
Epochs=254
Gamma=0
country=us
early_stopping=False
smooth=True
