Arch=FF
num_layers=1
sizeof_layers=88
batch_norm=True
Ext=-c
kl_anneal=3.8455227026123535
rho_q=5.683646984361601
rho_op=1.5231916377007544
prior_scale=0.5524199888912847
sizeof_bnn=10
Batch_Size=118
Epochs=95
Gamma=0
country=us
early_stopping=False
smooth=True
