Arch=FF
num_layers=2
sizeof_layers=221
batch_norm=True
Ext=-c
kl_anneal=4.024469606960734
rho_q=1.1609368739858315
rho_op=6.7468930617546965
prior_scale=0.9070957117042335
sizeof_bnn=6
Batch_Size=13
Epochs=83
Gamma=0
country=us
early_stopping=False
smooth=True
