Arch=FF
num_layers=2
sizeof_layers=168
batch_norm=True
Ext=-c
kl_anneal=1.5685080888429088
rho_q=8.17019732433817
rho_op=1.0254836822203228
prior_scale=2.8197644072511463
sizeof_bnn=30
Batch_Size=64
Epochs=100
Gamma=0
country=us
early_stopping=False
smooth=True
