Arch=FF
num_layers=2
sizeof_layers=440
batch_norm=True
Ext=-c
kl_anneal=0.8876844145304846
rho_q=9.777977062170459
rho_op=5.8393513107096116
prior_scale=5.819120378174441
sizeof_bnn=73
Batch_Size=40
Epochs=389
Gamma=0
country=us
early_stopping=False
smooth=True
