Arch=FF
num_layers=3
sizeof_layers=353
batch_norm=True
Ext=-c
kl_anneal=3.351524337475513
rho_q=7.6383188819060415
rho_op=8.92435688403523
prior_scale=0.9930865388627473
sizeof_bnn=13
Batch_Size=76
Epochs=293
Gamma=0
country=us
early_stopping=False
smooth=True
