Arch=FF
num_layers=1
sizeof_layers=204
batch_norm=True
Ext=-c
kl_anneal=3.5795741101397542
rho_q=0.14383245586574275
rho_op=4.112827701599059
prior_scale=7.185725960906278
sizeof_bnn=15
Batch_Size=19
Epochs=97
Gamma=0
country=us
early_stopping=False
smooth=True
