Arch=FF
num_layers=1
sizeof_layers=254
batch_norm=True
Ext=-c
kl_anneal=1.7935279195421425
rho_q=9.869973108588757
rho_op=3.569023914079791
prior_scale=6.918812104212086
sizeof_bnn=16
Batch_Size=54
Epochs=217
Gamma=0
country=us
early_stopping=False
smooth=True
