Arch=FF
num_layers=2
sizeof_layers=315
batch_norm=True
Ext=-c
kl_anneal=3.806593741188215
rho_q=1.7163452090204758
rho_op=2.7969220385437916
prior_scale=6.565743927069039
sizeof_bnn=12
Batch_Size=82
Epochs=489
Gamma=0
country=us
early_stopping=False
smooth=True
