Arch=FF
num_layers=1
sizeof_layers=423
batch_norm=True
Ext=-c
kl_anneal=0.2744813026141244
rho_q=8.530110722425935
rho_op=2.413386618200991
prior_scale=0.05357526956922612
sizeof_bnn=19
Batch_Size=58
Epochs=438
Gamma=0
country=us
early_stopping=False
smooth=True
