Arch=FF
num_layers=1
sizeof_layers=221
batch_norm=True
Ext=-c
kl_anneal=1.8667459604158867
rho_q=3.334890610498902
rho_op=7.0926696640726
prior_scale=4.122390225317883
sizeof_bnn=21
Batch_Size=11
Epochs=90
Gamma=0
country=us
early_stopping=False
smooth=True
