Arch=FF
num_layers=2
sizeof_layers=197
batch_norm=True
Ext=-c
kl_anneal=2.2017595269887282
rho_q=2.7817205579745625
rho_op=3.018474066565263
prior_scale=4.102942056427963
sizeof_bnn=17
Batch_Size=24
Epochs=120
Gamma=0
country=us
early_stopping=False
smooth=True
