Arch=FF
num_layers=1
sizeof_layers=427
batch_norm=True
Ext=-c
kl_anneal=1.7190047220006286
rho_q=10.0
rho_op=5.830134561554359
prior_scale=2.235226835289738
sizeof_bnn=60
Batch_Size=48
Epochs=386
Gamma=0
country=us
early_stopping=False
smooth=True
