Arch=FF
num_layers=1
sizeof_layers=361
batch_norm=True
Ext=-c
kl_anneal=3.9079635671858157
rho_q=3.744544969813858
rho_op=4.182939637170788
prior_scale=8.362264902581648
sizeof_bnn=21
Batch_Size=83
Epochs=285
Gamma=0
country=us
early_stopping=False
smooth=True
