Arch=FF
num_layers=1
sizeof_layers=259
batch_norm=True
Ext=-c
kl_anneal=4.6054726298025175
rho_q=6.384215979828052
rho_op=3.3236000671446364
prior_scale=2.772882364016786
sizeof_bnn=6
Batch_Size=32
Epochs=85
Gamma=0
country=us
early_stopping=False
smooth=True
