Arch=FF
num_layers=2
sizeof_layers=314
batch_norm=True
Ext=-c
kl_anneal=2.3650329867147724
rho_q=8.200581707486018
rho_op=4.002956671935308
prior_scale=8.995082726630597
sizeof_bnn=2
Batch_Size=88
Epochs=300
Gamma=0
country=us
early_stopping=False
smooth=True
