Arch=FF
num_layers=1
sizeof_layers=316
batch_norm=True
Ext=-c
kl_anneal=1.7287931802463048
rho_q=2.5766454148772575
rho_op=5.007594599469317
prior_scale=2.5347247759609197
sizeof_bnn=6
Batch_Size=58
Epochs=238
Gamma=0
country=us
early_stopping=False
smooth=True
