Arch=FF
num_layers=1
sizeof_layers=114
batch_norm=True
Ext=-c
kl_anneal=3.8794711520070555
rho_q=5.035219421795645
rho_op=7.513158437132257
prior_scale=6.340145866913492
sizeof_bnn=30
Batch_Size=64
Epochs=100
Gamma=0
country=us
early_stopping=False
smooth=True
