Arch=FF
num_layers=1
sizeof_layers=274
batch_norm=True
Ext=-c
kl_anneal=2.29074900099411
rho_q=0.6593783708771571
rho_op=7.421782575002338
prior_scale=0.7917435468562004
sizeof_bnn=24
Batch_Size=63
Epochs=226
Gamma=0
country=us
early_stopping=False
smooth=True
