Arch=FF
num_layers=1
sizeof_layers=361
batch_norm=True
Ext=-c
kl_anneal=2.094945711759172
rho_q=9.155493297234258
rho_op=2.6012088402933187
prior_scale=4.371574405486018
sizeof_bnn=40
Batch_Size=70
Epochs=82
Gamma=0
country=us
early_stopping=False
smooth=True
