Arch=FF
num_layers=1
sizeof_layers=145
batch_norm=True
Ext=-c
kl_anneal=3.3197789419124097
rho_q=3.8982581952240953
rho_op=0.1
prior_scale=3.2054827038246243
sizeof_bnn=9
Batch_Size=46
Epochs=189
Gamma=14
country=us
early_stopping=False
smooth=True
