Arch=FF
num_layers=1
sizeof_layers=495
batch_norm=True
Ext=-c
kl_anneal=1.7767660905954452
rho_q=0.10288734991906866
rho_op=1.1411278742918431
prior_scale=4.810522896229444
sizeof_bnn=52
Batch_Size=30
Epochs=54
Gamma=0
country=us
early_stopping=False
smooth=True
