Arch=FF
num_layers=3
sizeof_layers=264
batch_norm=True
Ext=-c
kl_anneal=2.4224206921171
rho_q=9.354091679577477
rho_op=4.459373009544093
prior_scale=4.5143836884225905
sizeof_bnn=23
Batch_Size=26
Epochs=98
Gamma=0
country=us
early_stopping=False
smooth=True
