Arch=FF
num_layers=3
sizeof_layers=361
batch_norm=True
Ext=-c
kl_anneal=0.1
rho_q=7.921182038134423
rho_op=0.9807308513032099
prior_scale=3.858186137453818
sizeof_bnn=14
Batch_Size=86
Epochs=287
Gamma=0
country=us
early_stopping=False
smooth=True
