Arch=FF
num_layers=2
sizeof_layers=310
batch_norm=True
Ext=-c
kl_anneal=0.1
rho_q=4.67162912444248
rho_op=0.8551629634725227
prior_scale=5.36565021781668
sizeof_bnn=15
Batch_Size=51
Epochs=314
Gamma=14
country=us
early_stopping=False
smooth=True
