Arch=FF
num_layers=1
sizeof_layers=375
batch_norm=True
Ext=-c
kl_anneal=3.9979003260112123
rho_q=7.808953534634665
rho_op=7.2604846158283705
prior_scale=5.841392342145694
sizeof_bnn=20
Batch_Size=122
Epochs=321
Gamma=0
country=us
early_stopping=False
smooth=True
