Arch=FF
num_layers=2
sizeof_layers=197
batch_norm=True
Ext=-c
kl_anneal=1.5064480198054493
rho_q=9.853442946463124
rho_op=9.498951901626402
prior_scale=5.1574198172780115
sizeof_bnn=4
Batch_Size=19
Epochs=112
Gamma=0
country=us
early_stopping=False
smooth=True
