Arch=FF
num_layers=3
sizeof_layers=343
batch_norm=True
Ext=-c
kl_anneal=4.423159515735996
rho_q=6.194873028395381
rho_op=9.422489688470728
prior_scale=6.675091164173481
sizeof_bnn=2
Batch_Size=55
Epochs=328
Gamma=14
country=us
early_stopping=False
smooth=True
