Arch=FF
num_layers=1
sizeof_layers=193
batch_norm=True
Ext=-c
kl_anneal=3.208638646942136
rho_q=4.549943427395027
rho_op=2.151951309149215
prior_scale=5.541521776470216
sizeof_bnn=7
Batch_Size=85
Epochs=128
Gamma=0
country=us
early_stopping=False
smooth=True
