Arch=FF
num_layers=1
sizeof_layers=510
batch_norm=True
Ext=-c
kl_anneal=0.7983825295549895
rho_q=1.0350919925183961
rho_op=1.240749824680846
prior_scale=3.1182491893102657
sizeof_bnn=92
Batch_Size=64
Epochs=100
Gamma=0
country=us
early_stopping=False
smooth=True
