Arch=FF
num_layers=2
sizeof_layers=389
batch_norm=True
Ext=-c
kl_anneal=1.1221490227700108
rho_q=8.569154886462204
rho_op=3.4942473000841696
prior_scale=0.4233104310629621
sizeof_bnn=92
Batch_Size=54
Epochs=66
Gamma=0
country=us
early_stopping=False
smooth=True
