Arch=FF
num_layers=2
sizeof_layers=354
batch_norm=True
Ext=-c
kl_anneal=2.5438273298746887
rho_q=7.400333625063252
rho_op=0.1
prior_scale=4.634342467568904
sizeof_bnn=13
Batch_Size=30
Epochs=298
Gamma=14
country=us
early_stopping=False
smooth=True
