Arch=FF
num_layers=3
sizeof_layers=58
batch_norm=True
Ext=-c
kl_anneal=1.438281447258301
rho_q=0.2995069039425977
rho_op=2.2723160484539844
prior_scale=2.2817033011652046
sizeof_bnn=72
Batch_Size=50
Epochs=179
Gamma=14
country=us
early_stopping=False
smooth=True
