Arch=FF
num_layers=3
sizeof_layers=156
batch_norm=True
Ext=-c
kl_anneal=0.6869875316611359
rho_q=10.0
rho_op=6.306354255773949
prior_scale=6.308706511321488
sizeof_bnn=11
Batch_Size=34
Epochs=175
Gamma=0
country=us
early_stopping=False
smooth=True
