Arch=FF
num_layers=1
sizeof_layers=307
batch_norm=True
Ext=-c
kl_anneal=0.1
rho_q=4.05546605116436
rho_op=3.126232826442317
prior_scale=3.030503165049685
sizeof_bnn=8
Batch_Size=61
Epochs=235
Gamma=0
country=us
early_stopping=False
smooth=True
