Arch=FF
num_layers=2
sizeof_layers=362
batch_norm=True
Ext=-c
kl_anneal=2.227177844389665
rho_q=7.643620292914168
rho_op=0.48941705512002115
prior_scale=3.570600748204206
sizeof_bnn=12
Batch_Size=115
Epochs=296
Gamma=0
country=us
early_stopping=False
smooth=True
