Arch=FF
num_layers=2
sizeof_layers=197
batch_norm=True
Ext=-c
kl_anneal=3.894981816081786
rho_q=6.9318510128203314
rho_op=1.0664992346836153
prior_scale=4.3591241240487255
sizeof_bnn=103
Batch_Size=74
Epochs=66
Gamma=0
country=us
early_stopping=False
smooth=True
