Arch=FF
num_layers=3
sizeof_layers=256
batch_norm=True
Ext=-c
kl_anneal=0.5757764863545763
rho_q=5.98451999484145
rho_op=6.1524141393936755
prior_scale=8.103971969693532
sizeof_bnn=14
Batch_Size=64
Epochs=100
Gamma=0
country=us
early_stopping=False
smooth=True
