Arch=FF
num_layers=2
sizeof_layers=250
batch_norm=True
Ext=-c
kl_anneal=1.3221417227811092
rho_q=7.560984540808743
rho_op=1.9462982330337466
prior_scale=0.3495575495513801
sizeof_bnn=13
Batch_Size=20
Epochs=80
Gamma=0
country=us
early_stopping=False
smooth=True
