Arch=FF
num_layers=4
sizeof_layers=360
batch_norm=True
Ext=-c
kl_anneal=0.1
rho_q=2.5026002485667296
rho_op=3.565397646743512
prior_scale=4.043685119852378
sizeof_bnn=8
Batch_Size=93
Epochs=289
Gamma=0
country=us
early_stopping=False
smooth=True
