Arch=FF
num_layers=2
sizeof_layers=338
batch_norm=True
Ext=-c
kl_anneal=2.845760559001615
rho_q=9.85461993215488
rho_op=4.223950481892572
prior_scale=3.9367577476130133
sizeof_bnn=35
Batch_Size=102
Epochs=297
Gamma=0
country=us
early_stopping=False
smooth=True
