Arch=FF
num_layers=3
sizeof_layers=279
batch_norm=True
Ext=-c
kl_anneal=4.366474376959828
rho_q=1.5079670985932832
rho_op=0.5178231207845811
prior_scale=6.885244215268227
sizeof_bnn=19
Batch_Size=77
Epochs=229
Gamma=0
country=us
early_stopping=False
smooth=True
