Arch=FF
num_layers=3
sizeof_layers=341
batch_norm=True
Ext=-c
kl_anneal=0.7527571461463834
rho_q=1.3401584635490458
rho_op=3.5890410010317075
prior_scale=6.827923511448089
sizeof_bnn=11
Batch_Size=39
Epochs=298
Gamma=14
country=us
early_stopping=False
smooth=True
