Arch=FF
num_layers=2
sizeof_layers=411
batch_norm=True
Ext=-c
kl_anneal=3.774241654897148
rho_q=2.9299749094518264
rho_op=3.4621399181326167
prior_scale=3.366592567505827
sizeof_bnn=3
Batch_Size=51
Epochs=431
Gamma=0
country=us
early_stopping=False
smooth=True
