Arch=FF
num_layers=1
sizeof_layers=252
batch_norm=True
Ext=-c
kl_anneal=4.629875094827198
rho_q=3.3983125017570446
rho_op=8.273660178567788
prior_scale=6.572223325389336
sizeof_bnn=2
Batch_Size=61
Epochs=108
Gamma=0
country=us
early_stopping=False
smooth=True
