Arch=FF
num_layers=1
sizeof_layers=300
batch_norm=True
Ext=-c
kl_anneal=2.2514209250673214
rho_q=7.298186130330932
rho_op=9.45938117770903
prior_scale=6.666644270675914
sizeof_bnn=26
Batch_Size=82
Epochs=229
Gamma=0
country=us
early_stopping=False
smooth=True
