Arch=FF
num_layers=3
sizeof_layers=451
batch_norm=True
Ext=-c
kl_anneal=2.273207530049239
rho_q=1.8921624525099219
rho_op=4.162072777264853
prior_scale=1.6073610635715279
sizeof_bnn=6
Batch_Size=47
Epochs=442
Gamma=0
country=us
early_stopping=False
smooth=True
