Arch=FF
num_layers=1
sizeof_layers=199
batch_norm=True
Ext=-c
kl_anneal=1.8700169515584988
rho_q=8.821910420688196
rho_op=3.79827296827693
prior_scale=3.804553170553725
sizeof_bnn=9
Batch_Size=89
Epochs=133
Gamma=0
country=us
early_stopping=False
smooth=True
