Arch=FF
num_layers=2
sizeof_layers=83
batch_norm=True
Ext=-c
kl_anneal=2.6091992180635266
rho_q=2.628761107851425
rho_op=3.2397150581234997
prior_scale=3.222493692019024
sizeof_bnn=26
Batch_Size=89
Epochs=120
Gamma=0
country=us
early_stopping=False
smooth=True
