Arch=FF
num_layers=2
sizeof_layers=200
batch_norm=True
Ext=-c
kl_anneal=0.6192702993240348
rho_q=1.014877024988703
rho_op=2.965862015717088
prior_scale=1.667188000405294
sizeof_bnn=19
Batch_Size=43
Epochs=114
Gamma=0
country=us
early_stopping=False
smooth=True
