Arch=FF
num_layers=2
sizeof_layers=424
batch_norm=True
Ext=-c
kl_anneal=3.9313483546086596
rho_q=7.191995760786048
rho_op=5.831488270254801
prior_scale=1.0786143170593436
sizeof_bnn=2
Batch_Size=34
Epochs=430
Gamma=0
country=us
early_stopping=False
smooth=True
