Arch=FF
num_layers=3
sizeof_layers=426
batch_norm=True
Ext=-c
kl_anneal=4.277990593839394
rho_q=9.637153305979844
rho_op=0.8505391061679416
prior_scale=3.5459711979346995
sizeof_bnn=4
Batch_Size=26
Epochs=439
Gamma=0
country=us
early_stopping=False
smooth=True
