Arch=FF
num_layers=2
sizeof_layers=325
batch_norm=True
Ext=-c
kl_anneal=2.962908489771329
rho_q=1.6391553949147566
rho_op=6.350228600675535
prior_scale=4.082261736830267
sizeof_bnn=22
Batch_Size=92
Epochs=324
Gamma=0
country=us
early_stopping=False
smooth=True
