Arch=FF
num_layers=1
sizeof_layers=118
batch_norm=True
Ext=-c
kl_anneal=3.8123326329418
rho_q=4.547219785582584
rho_op=1.3976449314431398
prior_scale=1.6985325679773808
sizeof_bnn=4
Batch_Size=79
Epochs=111
Gamma=0
country=us
early_stopping=False
smooth=True
