Arch=FF
num_layers=1
sizeof_layers=220
batch_norm=True
Ext=-c
kl_anneal=3.2130988267694884
rho_q=3.7242134562361087
rho_op=7.647384428321063
prior_scale=7.436430116023017
sizeof_bnn=7
Batch_Size=27
Epochs=116
Gamma=0
country=us
early_stopping=False
smooth=True
