Arch=FF
num_layers=2
sizeof_layers=284
batch_norm=True
Ext=-c
kl_anneal=1.72090327600704
rho_q=4.449574040715351
rho_op=0.25794204602368864
prior_scale=0.6546373209582558
sizeof_bnn=25
Batch_Size=76
Epochs=236
Gamma=0
country=us
early_stopping=False
smooth=True
