Arch=FF
num_layers=4
sizeof_layers=334
batch_norm=True
Ext=-c
kl_anneal=2.4539698886449077
rho_q=5.076043071858357
rho_op=0.3942538407269137
prior_scale=4.138947673302251
sizeof_bnn=29
Batch_Size=82
Epochs=316
Gamma=0
country=us
early_stopping=False
smooth=True
