Arch=FF
num_layers=1
sizeof_layers=73
batch_norm=True
Ext=-c
kl_anneal=0.9265689548386803
rho_q=2.911908233363714
rho_op=7.240931446015506
prior_scale=5.538732104092915
sizeof_bnn=10
Batch_Size=105
Epochs=121
Gamma=0
country=us
early_stopping=False
smooth=True
