Arch=FF
num_layers=3
sizeof_layers=393
batch_norm=True
Ext=-c
kl_anneal=3.93025005612765
rho_q=3.6280348074635054
rho_op=3.5702901465527814
prior_scale=4.2080723276018075
sizeof_bnn=75
Batch_Size=62
Epochs=65
Gamma=0
country=us
early_stopping=False
smooth=True
