Arch=FF
num_layers=3
sizeof_layers=258
batch_norm=True
Ext=-c
kl_anneal=3.9377401333891324
rho_q=5.57441605223163
rho_op=3.0070102292034626
prior_scale=4.398543890820845
sizeof_bnn=8
Batch_Size=11
Epochs=257
Gamma=0
country=us
early_stopping=False
smooth=True
