Arch=FF
num_layers=1
sizeof_layers=94
batch_norm=True
Ext=-c
kl_anneal=0.26180459139935663
rho_q=9.918617026006958
rho_op=0.8746154004313523
prior_scale=7.435871740393615
sizeof_bnn=13
Batch_Size=83
Epochs=132
Gamma=0
country=us
early_stopping=False
smooth=True
