Arch=FF
num_layers=1
sizeof_layers=251
batch_norm=True
Ext=-c
kl_anneal=0.10659641400049619
rho_q=5.878026720618368
rho_op=1.3018729687477968
prior_scale=5.965385408005829
sizeof_bnn=13
Batch_Size=17
Epochs=88
Gamma=0
country=us
early_stopping=False
smooth=True
