Arch=FF
num_layers=1
sizeof_layers=454
batch_norm=True
Ext=-c
kl_anneal=4.6524728633110985
rho_q=2.787524213280034
rho_op=0.9936178601787766
prior_scale=0.12605985554735394
sizeof_bnn=16
Batch_Size=12
Epochs=376
Gamma=0
country=us
early_stopping=False
smooth=True
