Arch=FF
num_layers=3
sizeof_layers=358
batch_norm=True
Ext=-c
kl_anneal=1.6760034702123685
rho_q=2.154042099849351
rho_op=4.923315051409391
prior_scale=2.8493499413591676
sizeof_bnn=19
Batch_Size=87
Epochs=289
Gamma=0
country=us
early_stopping=False
smooth=True
