Arch=FF
num_layers=1
sizeof_layers=199
batch_norm=True
Ext=-c
kl_anneal=4.047725887096214
rho_q=1.4600081639922042
rho_op=0.9945270965926005
prior_scale=2.5023835486599366
sizeof_bnn=4
Batch_Size=72
Epochs=135
Gamma=0
country=us
early_stopping=False
smooth=True
