Arch=FF
num_layers=3
sizeof_layers=123
batch_norm=True
Ext=-c
kl_anneal=4.229203154096316
rho_q=2.1492832715647525
rho_op=4.927417500910234
prior_scale=0.446756294369687
sizeof_bnn=6
Batch_Size=117
Epochs=97
Gamma=0
country=us
early_stopping=False
smooth=True
