Arch=FF
num_layers=2
sizeof_layers=350
batch_norm=True
Ext=-c
kl_anneal=3.9751390382010436
rho_q=6.941117610165747
rho_op=1.1801976526824691
prior_scale=9.065567612542743
sizeof_bnn=79
Batch_Size=64
Epochs=100
Gamma=0
country=us
early_stopping=False
smooth=True
