Arch=FF
num_layers=2
sizeof_layers=317
batch_norm=True
Ext=-c
kl_anneal=1.1286293119448447
rho_q=7.662962455753875
rho_op=6.213606161591026
prior_scale=1.6496693862091854
sizeof_bnn=4
Batch_Size=67
Epochs=238
Gamma=0
country=us
early_stopping=False
smooth=True
