Arch=FF
num_layers=3
sizeof_layers=353
batch_norm=True
Ext=-c
kl_anneal=2.6978460656182968
rho_q=0.7262658578731024
rho_op=6.97847401023844
prior_scale=7.519808043160664
sizeof_bnn=2
Batch_Size=121
Epochs=292
Gamma=0
country=us
early_stopping=False
smooth=True
