Arch=FF
num_layers=1
sizeof_layers=188
batch_norm=True
Ext=-c
kl_anneal=4.401257769926933
rho_q=7.981798648015587
rho_op=1.2352353893662358
prior_scale=6.791695819783957
sizeof_bnn=22
Batch_Size=43
Epochs=211
Gamma=14
country=us
early_stopping=False
smooth=True
