Arch=FF
num_layers=3
sizeof_layers=82
batch_norm=True
Ext=-c
kl_anneal=4.6330371870920946
rho_q=1.4670836075907303
rho_op=1.4257301913817084
prior_scale=4.821754006665035
sizeof_bnn=5
Batch_Size=119
Epochs=118
Gamma=0
country=us
early_stopping=False
smooth=True
