Arch=FF
num_layers=3
sizeof_layers=188
batch_norm=True
Ext=-c
kl_anneal=2.6677144089083464
rho_q=8.942920856907373
rho_op=1.8300478220524503
prior_scale=7.762440352726032
sizeof_bnn=16
Batch_Size=57
Epochs=226
Gamma=14
country=us
early_stopping=False
smooth=True
