Arch=FF
num_layers=1
sizeof_layers=238
batch_norm=True
Ext=-c
kl_anneal=4.179935761742511
rho_q=0.9614441111628855
rho_op=2.1208525662041047
prior_scale=0.10452806710631166
sizeof_bnn=13
Batch_Size=39
Epochs=90
Gamma=0
country=us
early_stopping=False
smooth=True
