Arch=FF
num_layers=1
sizeof_layers=84
batch_norm=True
Ext=-c
kl_anneal=3.4475363468751277
rho_q=9.883885470614121
rho_op=2.206161582296192
prior_scale=1.999673558640544
sizeof_bnn=17
Batch_Size=106
Epochs=118
Gamma=0
country=us
early_stopping=False
smooth=True
