Arch=FF
num_layers=2
sizeof_layers=220
batch_norm=True
Ext=-c
kl_anneal=3.7759386632539687
rho_q=6.205332635886532
rho_op=7.083910971921377
prior_scale=0.7600919565625153
sizeof_bnn=27
Batch_Size=7
Epochs=103
Gamma=0
country=us
early_stopping=False
smooth=True
