Arch=FF
num_layers=3
sizeof_layers=218
batch_norm=True
Ext=-c
kl_anneal=1.876401644179517
rho_q=6.825003031052623
rho_op=9.210663235713193
prior_scale=9.258018542155433
sizeof_bnn=12
Batch_Size=25
Epochs=98
Gamma=0
country=us
early_stopping=False
smooth=True
