Arch=FF
num_layers=3
sizeof_layers=355
batch_norm=True
Ext=-c
kl_anneal=4.927615865732037
rho_q=5.451260386508721
rho_op=3.7128984677045946
prior_scale=9.785251534295474
sizeof_bnn=9
Batch_Size=87
Epochs=289
Gamma=0
country=us
early_stopping=False
smooth=True
