Arch=FF
num_layers=3
sizeof_layers=274
batch_norm=True
Ext=-c
kl_anneal=1.9650430402016186
rho_q=2.807239089078172
rho_op=2.5253079194722496
prior_scale=7.609196322425896
sizeof_bnn=29
Batch_Size=95
Epochs=345
Gamma=14
country=us
early_stopping=False
smooth=True
