Arch=FF
num_layers=3
sizeof_layers=277
batch_norm=True
Ext=-c
kl_anneal=2.389479113390402
rho_q=6.492320428794661
rho_op=8.361576943519308
prior_scale=2.6391924676302976
sizeof_bnn=18
Batch_Size=64
Epochs=244
Gamma=0
country=us
early_stopping=False
smooth=True
