Arch=FF
num_layers=3
sizeof_layers=238
batch_norm=True
Ext=-c
kl_anneal=2.721935668706213
rho_q=1.6261423399575479
rho_op=7.222195999405131
prior_scale=7.623583406673397
sizeof_bnn=23
Batch_Size=14
Epochs=98
Gamma=0
country=us
early_stopping=False
smooth=True
