Arch=FF
num_layers=1
sizeof_layers=90
batch_norm=True
Ext=-c
kl_anneal=1.509745790070821
rho_q=9.110758829909155
rho_op=9.919543661071986
prior_scale=7.764054034873815
sizeof_bnn=21
Batch_Size=115
Epochs=126
Gamma=0
country=us
early_stopping=False
smooth=True
