Arch=FF
num_layers=3
sizeof_layers=361
batch_norm=True
Ext=-c
kl_anneal=2.225766179395741
rho_q=6.763230658736706
rho_op=3.4080818896324234
prior_scale=0.5577203463647946
sizeof_bnn=5
Batch_Size=99
Epochs=288
Gamma=14
country=us
early_stopping=False
smooth=True
