Arch=FF
num_layers=3
sizeof_layers=337
batch_norm=True
Ext=-c
kl_anneal=0.8326013223319632
rho_q=6.302954051566468
rho_op=7.762754631064282
prior_scale=0.38209174367135473
sizeof_bnn=57
Batch_Size=77
Epochs=137
Gamma=14
country=us
early_stopping=False
smooth=True
