Arch=FF
num_layers=1
sizeof_layers=271
batch_norm=True
Ext=-c
kl_anneal=1.3269673290234714
rho_q=5.831907238360219
rho_op=7.535237668183275
prior_scale=4.845552882501116
sizeof_bnn=13
Batch_Size=64
Epochs=100
Gamma=0
country=us
early_stopping=False
smooth=True
