Arch=FF
num_layers=4
sizeof_layers=337
batch_norm=True
Ext=-c
kl_anneal=1.88598147997568
rho_q=4.93825603401662
rho_op=3.7354979405676967
prior_scale=6.7830979379534
sizeof_bnn=23
Batch_Size=78
Epochs=314
Gamma=0
country=us
early_stopping=False
smooth=True
