Arch=FF
num_layers=1
sizeof_layers=497
batch_norm=True
Ext=-c
kl_anneal=3.1218112140871788
rho_q=6.568218582259056
rho_op=6.482506704816589
prior_scale=0.1631884930881988
sizeof_bnn=56
Batch_Size=15
Epochs=55
Gamma=0
country=us
early_stopping=False
smooth=True
