Arch=FF
num_layers=3
sizeof_layers=248
batch_norm=True
Ext=-c
kl_anneal=2.4156939315851864
rho_q=6.080563543233035
rho_op=2.98006396184994
prior_scale=0.46797880631914884
sizeof_bnn=8
Batch_Size=29
Epochs=80
Gamma=0
country=us
early_stopping=False
smooth=True
