Arch=FF
num_layers=1
sizeof_layers=376
batch_norm=True
Ext=-c
kl_anneal=4.403021970531437
rho_q=6.0525020500692115
rho_op=4.953926899104676
prior_scale=7.180753784711423
sizeof_bnn=23
Batch_Size=106
Epochs=297
Gamma=0
country=us
early_stopping=False
smooth=True
