Arch=FF
num_layers=1
sizeof_layers=248
batch_norm=True
Ext=-c
kl_anneal=1.9382865640264686
rho_q=7.1416005501039015
rho_op=0.7809869007121315
prior_scale=8.248910403311484
sizeof_bnn=16
Batch_Size=37
Epochs=110
Gamma=0
country=us
early_stopping=False
smooth=True
