Arch=FF
num_layers=2
sizeof_layers=374
batch_norm=True
Ext=-c
kl_anneal=2.2143034763715734
rho_q=7.778715650683705
rho_op=4.436979655557393
prior_scale=6.691941202414824
sizeof_bnn=10
Batch_Size=107
Epochs=290
Gamma=0
country=us
early_stopping=False
smooth=True
