Arch=FF
num_layers=2
sizeof_layers=95
batch_norm=True
Ext=-c
kl_anneal=2.9242026294410586
rho_q=7.17360506902857
rho_op=3.2677921851432323
prior_scale=4.08009024465977
sizeof_bnn=14
Batch_Size=116
Epochs=110
Gamma=0
country=us
early_stopping=False
smooth=True
