Arch=FF
num_layers=1
sizeof_layers=313
batch_norm=True
Ext=-c
kl_anneal=0.4581053564256353
rho_q=2.233302030335901
rho_op=5.31297010741336
prior_scale=3.6386094115141434
sizeof_bnn=7
Batch_Size=75
Epochs=392
Gamma=0
country=us
early_stopping=False
smooth=True
