Arch=FF
num_layers=3
sizeof_layers=207
batch_norm=True
Ext=-c
kl_anneal=2.613838874573977
rho_q=2.355357798851367
rho_op=5.085776082227432
prior_scale=5.3149675625383885
sizeof_bnn=13
Batch_Size=28
Epochs=88
Gamma=0
country=us
early_stopping=False
smooth=True
