Arch=FF
num_layers=1
sizeof_layers=273
batch_norm=True
Ext=-c
kl_anneal=0.931451406475278
rho_q=2.241578818833403
rho_op=7.517409666568791
prior_scale=8.863226369708196
sizeof_bnn=35
Batch_Size=68
Epochs=381
Gamma=0
country=us
early_stopping=False
smooth=True
