Arch=FF
num_layers=1
sizeof_layers=90
batch_norm=True
Ext=-c
kl_anneal=1.0271843821795101
rho_q=2.7631775000193177
rho_op=6.498276679119001
prior_scale=8.288567834584558
sizeof_bnn=2
Batch_Size=96
Epochs=99
Gamma=0
country=us
early_stopping=False
smooth=True
