Arch=FF
num_layers=1
sizeof_layers=442
batch_norm=True
Ext=-c
kl_anneal=0.11040592425741978
rho_q=7.489099022617048
rho_op=4.214455735949204
prior_scale=7.727493728684052
sizeof_bnn=66
Batch_Size=50
Epochs=385
Gamma=0
country=us
early_stopping=False
smooth=True
