Arch=FF
num_layers=2
sizeof_layers=258
batch_norm=True
Ext=-c
kl_anneal=0.1
rho_q=7.80340406788307
rho_op=6.149344542315377
prior_scale=6.338847216884601
sizeof_bnn=15
Batch_Size=56
Epochs=202
Gamma=0
country=us
early_stopping=False
smooth=True
