Arch=FF
num_layers=3
sizeof_layers=382
batch_norm=True
Ext=-c
kl_anneal=1.4807737815588353
rho_q=2.4110932935554725
rho_op=3.736482558759754
prior_scale=9.436851220621353
sizeof_bnn=21
Batch_Size=113
Epochs=293
Gamma=0
country=us
early_stopping=False
smooth=True
