Arch=FF
num_layers=3
sizeof_layers=343
batch_norm=True
Ext=-c
kl_anneal=2.5546240126948723
rho_q=10.0
rho_op=7.377289218573253
prior_scale=1.3803005666407426
sizeof_bnn=20
Batch_Size=82
Epochs=312
Gamma=0
country=us
early_stopping=False
smooth=True
