Arch=FF
num_layers=3
sizeof_layers=387
batch_norm=True
Ext=-c
kl_anneal=2.9264379947641217
rho_q=6.410585622890668
rho_op=2.429893351116992
prior_scale=7.662491922091763
sizeof_bnn=6
Batch_Size=85
Epochs=294
Gamma=0
country=us
early_stopping=False
smooth=True
