Arch=FF
num_layers=1
sizeof_layers=137
batch_norm=True
Ext=-c
kl_anneal=4.322664094570029
rho_q=4.159065542808352
rho_op=2.176966861545103
prior_scale=1.8120260366070862
sizeof_bnn=107
Batch_Size=53
Epochs=208
Gamma=0
country=us
early_stopping=False
smooth=True
