Arch=FF
num_layers=3
sizeof_layers=91
batch_norm=True
Ext=-c
kl_anneal=0.9365106832479778
rho_q=9.095770315064136
rho_op=5.882946926498113
prior_scale=6.432546464061214
sizeof_bnn=21
Batch_Size=88
Epochs=137
Gamma=0
country=us
early_stopping=False
smooth=True
