Arch=FF
num_layers=1
sizeof_layers=142
batch_norm=True
Ext=-c
kl_anneal=4.566303327275583
rho_q=8.576974461929103
rho_op=7.542081580508279
prior_scale=0.6506799522693757
sizeof_bnn=25
Batch_Size=29
Epochs=54
Gamma=0
country=us
early_stopping=False
smooth=True
