Arch=FF
num_layers=2
sizeof_layers=214
batch_norm=True
Ext=-c
kl_anneal=1.5584898508272689
rho_q=2.2264400887381157
rho_op=8.223101288442095
prior_scale=9.089999770375538
sizeof_bnn=31
Batch_Size=90
Epochs=77
Gamma=0
country=us
early_stopping=False
smooth=True
