Arch=FF
num_layers=3
sizeof_layers=200
batch_norm=True
Ext=-c
kl_anneal=4.67507549912679
rho_q=4.137583706414049
rho_op=4.8366401598303765
prior_scale=5.5756288277771135
sizeof_bnn=6
Batch_Size=82
Epochs=106
Gamma=0
country=us
early_stopping=False
smooth=True
