Arch=FF
num_layers=1
sizeof_layers=273
batch_norm=True
Ext=-c
kl_anneal=4.99828768481134
rho_q=4.3641986343315855
rho_op=2.1519247924886264
prior_scale=0.6133652705314719
sizeof_bnn=8
Batch_Size=64
Epochs=100
Gamma=0
country=us
early_stopping=False
smooth=True
