Arch=FF
num_layers=1
sizeof_layers=363
batch_norm=True
Ext=-c
kl_anneal=2.140724629050133
rho_q=2.4084517755027597
rho_op=8.63827557649178
prior_scale=0.6359309061134674
sizeof_bnn=5
Batch_Size=101
Epochs=289
Gamma=0
country=us
early_stopping=False
smooth=True
