Arch=FF
num_layers=1
sizeof_layers=204
batch_norm=True
Ext=-c
kl_anneal=3.1097178568882753
rho_q=3.128523317908762
rho_op=6.387675649986137
prior_scale=2.7512400685170655
sizeof_bnn=8
Batch_Size=80
Epochs=137
Gamma=0
country=us
early_stopping=False
smooth=True
