Arch=FF
num_layers=2
sizeof_layers=392
batch_norm=True
Ext=-c
kl_anneal=0.9198554344682178
rho_q=7.622232129118753
rho_op=9.307035234735183
prior_scale=1.6403994720308392
sizeof_bnn=5
Batch_Size=106
Epochs=286
Gamma=0
country=us
early_stopping=False
smooth=True
