Arch=FF
num_layers=2
sizeof_layers=193
batch_norm=True
Ext=-c
kl_anneal=4.802716732583219
rho_q=0.2842228333948507
rho_op=0.1
prior_scale=5.143919347880758
sizeof_bnn=97
Batch_Size=59
Epochs=66
Gamma=14
country=us
early_stopping=False
smooth=True
