Arch=FF
num_layers=2
sizeof_layers=417
batch_norm=True
Ext=-c
kl_anneal=4.524369030087481
rho_q=2.263953522347666
rho_op=6.61161659471842
prior_scale=1.1056434877290102
sizeof_bnn=13
Batch_Size=52
Epochs=437
Gamma=0
country=us
early_stopping=False
smooth=True
