Arch=FF
num_layers=3
sizeof_layers=252
batch_norm=True
Ext=-c
kl_anneal=2.398026877387011
rho_q=9.374221610646794
rho_op=1.8638664448157327
prior_scale=9.765422782657955
sizeof_bnn=18
Batch_Size=22
Epochs=90
Gamma=0
country=us
early_stopping=False
smooth=True
