Arch=FF
num_layers=2
sizeof_layers=420
batch_norm=True
Ext=-c
kl_anneal=3.4306055935973845
rho_q=7.176327612119079
rho_op=2.467954301871882
prior_scale=4.259038032874031
sizeof_bnn=2
Batch_Size=59
Epochs=428
Gamma=0
country=us
early_stopping=False
smooth=True
