Arch=FF
num_layers=3
sizeof_layers=110
batch_norm=True
Ext=-c
kl_anneal=4.019530132678345
rho_q=9.154584953270144
rho_op=5.430233916768411
prior_scale=9.427394527752849
sizeof_bnn=101
Batch_Size=64
Epochs=100
Gamma=0
country=us
early_stopping=False
smooth=True
