Arch=FF
num_layers=2
sizeof_layers=276
batch_norm=True
Ext=-c
kl_anneal=0.629298056230123
rho_q=7.603017059709554
rho_op=4.4229341861550315
prior_scale=3.410010183315148
sizeof_bnn=25
Batch_Size=26
Epochs=98
Gamma=0
country=us
early_stopping=False
smooth=True
