Arch=FF
num_layers=2
sizeof_layers=100
batch_norm=True
Ext=-c
kl_anneal=0.5026796548287845
rho_q=9.210184636511293
rho_op=3.118311830863756
prior_scale=0.471300927914965
sizeof_bnn=6
Batch_Size=97
Epochs=104
Gamma=0
country=us
early_stopping=False
smooth=True
