Arch=FF
num_layers=2
sizeof_layers=295
batch_norm=True
Ext=-c
kl_anneal=2.0939104606983223
rho_q=2.8431332352426297
rho_op=1.282907038950128
prior_scale=0.05711477552636164
sizeof_bnn=9
Batch_Size=66
Epochs=244
Gamma=0
country=us
early_stopping=False
smooth=True
