Arch=FF
num_layers=2
sizeof_layers=105
batch_norm=True
Ext=-c
kl_anneal=4.172952675004126
rho_q=7.0020836926587515
rho_op=7.2352023445117934
prior_scale=5.540418121509003
sizeof_bnn=7
Batch_Size=29
Epochs=421
Gamma=14
country=us
early_stopping=False
smooth=True
