Arch=FF
num_layers=2
sizeof_layers=97
batch_norm=True
Ext=-c
kl_anneal=2.752138937192049
rho_q=0.2256368317313655
rho_op=1.11391958938613
prior_scale=9.359342357100559
sizeof_bnn=9
Batch_Size=55
Epochs=429
Gamma=14
country=us
early_stopping=False
smooth=True
