Arch=FF
num_layers=1
sizeof_layers=445
batch_norm=True
Ext=-c
kl_anneal=0.7826207049215574
rho_q=6.406698855684065
rho_op=8.434340139598081
prior_scale=9.694085428935187
sizeof_bnn=10
Batch_Size=58
Epochs=430
Gamma=0
country=us
early_stopping=False
smooth=True
