Arch=FF
num_layers=1
sizeof_layers=127
batch_norm=True
Ext=-c
kl_anneal=2.5467730547776846
rho_q=7.278599328438262
rho_op=7.5999644653516345
prior_scale=4.3620354041578615
sizeof_bnn=9
Batch_Size=94
Epochs=56
Gamma=0
country=us
early_stopping=False
smooth=True
