Arch=FF
num_layers=1
sizeof_layers=260
batch_norm=True
Ext=-c
kl_anneal=4.970358427467057
rho_q=7.011852857956467
rho_op=7.953966487857046
prior_scale=3.9038665160639003
sizeof_bnn=46
Batch_Size=82
Epochs=389
Gamma=0
country=us
early_stopping=False
smooth=True
