Arch=FF
num_layers=1
sizeof_layers=411
batch_norm=True
Ext=-c
kl_anneal=4.7207719557517835
rho_q=3.0018817191343263
rho_op=7.6865192597094225
prior_scale=0.053712854168160754
sizeof_bnn=2
Batch_Size=55
Epochs=430
Gamma=0
country=us
early_stopping=False
smooth=True
