Arch=FF
num_layers=2
sizeof_layers=359
batch_norm=True
Ext=-c
kl_anneal=0.4848869092382325
rho_q=3.7115079172229573
rho_op=8.912844971447925
prior_scale=0.9094495667721774
sizeof_bnn=5
Batch_Size=126
Epochs=283
Gamma=0
country=us
early_stopping=False
smooth=True
