Arch=FF
num_layers=2
sizeof_layers=395
batch_norm=True
Ext=-c
kl_anneal=3.6556115268723657
rho_q=6.650046660202346
rho_op=6.407607573716113
prior_scale=7.616305818312092
sizeof_bnn=7
Batch_Size=43
Epochs=428
Gamma=0
country=us
early_stopping=False
smooth=True
