Arch=FF
num_layers=1
sizeof_layers=226
batch_norm=True
Ext=-c
kl_anneal=0.8852897286089988
rho_q=7.272560602597366
rho_op=8.728831084950029
prior_scale=4.421223487594045
sizeof_bnn=23
Batch_Size=22
Epochs=94
Gamma=0
country=us
early_stopping=False
smooth=True
