Arch=FF
num_layers=3
sizeof_layers=220
batch_norm=True
Ext=-c
kl_anneal=0.6403432774308981
rho_q=8.343415700088135
rho_op=7.698112262417478
prior_scale=3.774871298576413
sizeof_bnn=18
Batch_Size=29
Epochs=113
Gamma=0
country=us
early_stopping=False
smooth=True
