Arch=FF
num_layers=3
sizeof_layers=424
batch_norm=True
Ext=-c
kl_anneal=1.0790574192364866
rho_q=3.9967332311924606
rho_op=3.3466321391427787
prior_scale=5.893433361839773
sizeof_bnn=2
Batch_Size=49
Epochs=451
Gamma=0
country=us
early_stopping=False
smooth=True
