Arch=FF
num_layers=3
sizeof_layers=141
batch_norm=True
Ext=-c
kl_anneal=1.9007060497012491
rho_q=4.368891866745978
rho_op=0.5907902441962026
prior_scale=7.017830317258421
sizeof_bnn=19
Batch_Size=22
Epochs=158
Gamma=0
country=us
early_stopping=False
smooth=True
