Arch=FF
num_layers=2
sizeof_layers=266
batch_norm=True
Ext=-c
kl_anneal=0.48548492243378516
rho_q=7.99758336801045
rho_op=3.948968984517722
prior_scale=7.620360174930417
sizeof_bnn=8
Batch_Size=64
Epochs=100
Gamma=0
country=us
early_stopping=False
smooth=True
