Arch=FF
num_layers=3
sizeof_layers=466
batch_norm=True
Ext=-c
kl_anneal=1.784885641763845
rho_q=2.464858729811353
rho_op=0.1
prior_scale=5.903387856603112
sizeof_bnn=102
Batch_Size=73
Epochs=174
Gamma=0
country=us
early_stopping=False
smooth=True
