Arch=FF
num_layers=1
sizeof_layers=446
batch_norm=True
Ext=-c
kl_anneal=3.7985288737285807
rho_q=3.4660623747077697
rho_op=4.592179372851245
prior_scale=4.9253659874774005
sizeof_bnn=67
Batch_Size=57
Epochs=380
Gamma=0
country=us
early_stopping=False
smooth=True
