Arch=FF
num_layers=3
sizeof_layers=255
batch_norm=True
Ext=-c
kl_anneal=4.612905744897859
rho_q=2.520701613097371
rho_op=3.8205871928531967
prior_scale=1.325895857989911
sizeof_bnn=10
Batch_Size=54
Epochs=234
Gamma=0
country=us
early_stopping=False
smooth=True
