Arch=FF
num_layers=1
sizeof_layers=216
batch_norm=True
Ext=-c
kl_anneal=1.8396321035574215
rho_q=2.7756520672907508
rho_op=0.6034379658592255
prior_scale=5.886739295395289
sizeof_bnn=38
Batch_Size=87
Epochs=74
Gamma=0
country=us
early_stopping=False
smooth=True
