Arch=FF
num_layers=3
sizeof_layers=510
batch_norm=True
Ext=-c
kl_anneal=2.3523480116795445
rho_q=4.802794170053588
rho_op=9.58990320127045
prior_scale=7.260479482865376
sizeof_bnn=89
Batch_Size=69
Epochs=155
Gamma=0
country=us
early_stopping=False
smooth=True
