Arch=FF
num_layers=1
sizeof_layers=299
batch_norm=True
Ext=-c
kl_anneal=4.315736533640842
rho_q=6.132465665687128
rho_op=5.985119118680909
prior_scale=4.455737618551054
sizeof_bnn=7
Batch_Size=91
Epochs=303
Gamma=0
country=us
early_stopping=False
smooth=True
