Arch=FF
num_layers=3
sizeof_layers=220
batch_norm=True
Ext=-c
kl_anneal=1.9839684125134889
rho_q=5.101418735240567
rho_op=5.439454988340756
prior_scale=7.774380496566886
sizeof_bnn=11
Batch_Size=29
Epochs=119
Gamma=0
country=us
early_stopping=False
smooth=True
