Arch=FF
num_layers=2
sizeof_layers=278
batch_norm=True
Ext=-c
kl_anneal=3.865628478443485
rho_q=2.8716840530246075
rho_op=0.1
prior_scale=7.77504256733151
sizeof_bnn=2
Batch_Size=128
Epochs=334
Gamma=0
country=us
early_stopping=False
smooth=True
