Arch=FF
num_layers=2
sizeof_layers=287
batch_norm=True
Ext=-c
kl_anneal=2.9862888235507894
rho_q=0.3709206863518145
rho_op=0.8145355953917807
prior_scale=4.635043237347893
sizeof_bnn=23
Batch_Size=66
Epochs=238
Gamma=0
country=us
early_stopping=False
smooth=True
