Arch=FF
num_layers=1
sizeof_layers=498
batch_norm=True
Ext=-c
kl_anneal=4.216580813618693
rho_q=9.731847401725181
rho_op=4.1412360529304975
prior_scale=7.129914592731488
sizeof_bnn=58
Batch_Size=17
Epochs=59
Gamma=0
country=us
early_stopping=False
smooth=True
