Arch=FF
num_layers=3
sizeof_layers=349
batch_norm=True
Ext=-c
kl_anneal=1.645183095315396
rho_q=8.172737862798021
rho_op=1.7174630887349183
prior_scale=8.305772479449974
sizeof_bnn=18
Batch_Size=67
Epochs=287
Gamma=14
country=us
early_stopping=False
smooth=True
