Arch=FF
num_layers=3
sizeof_layers=103
batch_norm=True
Ext=-c
kl_anneal=4.1033408466533965
rho_q=9.301509484771266
rho_op=0.5159938919411852
prior_scale=8.673020178533577
sizeof_bnn=28
Batch_Size=97
Epochs=120
Gamma=0
country=us
early_stopping=False
smooth=True
