Arch=FF
num_layers=1
sizeof_layers=301
batch_norm=True
Ext=-c
kl_anneal=2.2282372752714954
rho_q=7.433926519695222
rho_op=4.611435306681496
prior_scale=9.802220267817532
sizeof_bnn=3
Batch_Size=64
Epochs=247
Gamma=0
country=us
early_stopping=False
smooth=True
