Arch=FF
num_layers=1
sizeof_layers=89
batch_norm=True
Ext=-c
kl_anneal=3.715079157465339
rho_q=2.9234176459552366
rho_op=2.9390906621517447
prior_scale=0.9142637607024865
sizeof_bnn=20
Batch_Size=113
Epochs=121
Gamma=0
country=us
early_stopping=False
smooth=True
