Arch=FF
num_layers=3
sizeof_layers=254
batch_norm=True
Ext=-c
kl_anneal=2.863941250155446
rho_q=1.4587413713702364
rho_op=9.717593936268925
prior_scale=2.683569394961922
sizeof_bnn=38
Batch_Size=90
Epochs=366
Gamma=14
country=us
early_stopping=False
smooth=True
