Arch=FF
num_layers=2
sizeof_layers=278
batch_norm=True
Ext=-c
kl_anneal=2.5008440984156057
rho_q=6.5931087272364275
rho_op=6.260470289520164
prior_scale=0.4949916777098239
sizeof_bnn=14
Batch_Size=65
Epochs=239
Gamma=0
country=us
early_stopping=False
smooth=True
