Arch=FF
num_layers=1
sizeof_layers=273
batch_norm=True
Ext=-c
kl_anneal=4.1846831088647
rho_q=3.7785769048245195
rho_op=5.686770767033284
prior_scale=9.141870645119537
sizeof_bnn=24
Batch_Size=61
Epochs=200
Gamma=0
country=us
early_stopping=False
smooth=True
