Arch=FF
num_layers=1
sizeof_layers=173
batch_norm=True
Ext=-c
kl_anneal=1.5853420248274417
rho_q=3.91739056715594
rho_op=7.884781729141583
prior_scale=4.779317967451044
sizeof_bnn=98
Batch_Size=119
Epochs=111
Gamma=0
country=us
early_stopping=False
smooth=True
