Arch=FF
num_layers=3
sizeof_layers=425
batch_norm=True
Ext=-c
kl_anneal=1.1596432826214162
rho_q=4.197633283169487
rho_op=2.0058144043215713
prior_scale=3.6426390750863047
sizeof_bnn=5
Batch_Size=38
Epochs=424
Gamma=0
country=us
early_stopping=False
smooth=True
