Arch=FF
num_layers=1
sizeof_layers=110
batch_norm=True
Ext=-c
kl_anneal=3.1356072122813425
rho_q=9.702986218263778
rho_op=0.8730277574984477
prior_scale=1.0786113207445225
sizeof_bnn=9
Batch_Size=101
Epochs=100
Gamma=0
country=us
early_stopping=False
smooth=True
