Arch=FF
num_layers=3
sizeof_layers=16
batch_norm=True
Ext=-c
kl_anneal=0.7855984172456192
rho_q=0.3924904897708027
rho_op=1.1583393497856365
prior_scale=9.872677697005368
sizeof_bnn=47
Batch_Size=64
Epochs=100
Gamma=0
country=us
early_stopping=False
smooth=True
