Arch=FF
num_layers=1
sizeof_layers=84
batch_norm=True
Ext=-c
kl_anneal=1.305203786507856
rho_q=0.5634781033552857
rho_op=2.096404304086287
prior_scale=6.110821143262787
sizeof_bnn=20
Batch_Size=92
Epochs=111
Gamma=0
country=us
early_stopping=False
smooth=True
