Arch=FF
num_layers=1
sizeof_layers=422
batch_norm=True
Ext=-c
kl_anneal=4.8053273983787985
rho_q=2.658574289797357
rho_op=1.2342350940579159
prior_scale=7.79030518275484
sizeof_bnn=5
Batch_Size=43
Epochs=429
Gamma=0
country=us
early_stopping=False
smooth=True
