Arch=FF
num_layers=3
sizeof_layers=293
batch_norm=True
Ext=-c
kl_anneal=1.5686984486972104
rho_q=5.446220765100774
rho_op=8.591734492742795
prior_scale=3.784129953916719
sizeof_bnn=35
Batch_Size=63
Epochs=300
Gamma=0
country=us
early_stopping=False
smooth=True
