Arch=FF
num_layers=3
sizeof_layers=376
batch_norm=True
Ext=-c
kl_anneal=3.744704751672514
rho_q=8.90280349662518
rho_op=3.372332104479232
prior_scale=7.310107964489526
sizeof_bnn=8
Batch_Size=95
Epochs=286
Gamma=0
country=us
early_stopping=False
smooth=True
