Arch=FF
num_layers=1
sizeof_layers=218
batch_norm=True
Ext=-c
kl_anneal=4.593489402065683
rho_q=6.521857482611952
rho_op=4.976779741227278
prior_scale=9.458877213423163
sizeof_bnn=120
Batch_Size=47
Epochs=378
Gamma=0
country=us
early_stopping=False
smooth=True
