Arch=FF
num_layers=2
sizeof_layers=254
batch_norm=True
Ext=-c
kl_anneal=3.893517206968769
rho_q=5.622940384130023
rho_op=6.772096805195981
prior_scale=0.3474232545191475
sizeof_bnn=29
Batch_Size=35
Epochs=131
Gamma=0
country=us
early_stopping=False
smooth=True
