Arch=FF
num_layers=3
sizeof_layers=97
batch_norm=True
Ext=-c
kl_anneal=1.0420200087202252
rho_q=7.461554515453687
rho_op=2.4727056964307152
prior_scale=2.7779349097047636
sizeof_bnn=12
Batch_Size=113
Epochs=83
Gamma=0
country=us
early_stopping=False
smooth=True
