Arch=FF
num_layers=1
sizeof_layers=265
batch_norm=True
Ext=-c
kl_anneal=4.292144536616843
rho_q=6.014558056872864
rho_op=4.489761353082619
prior_scale=9.22901899299411
sizeof_bnn=30
Batch_Size=34
Epochs=91
Gamma=0
country=us
early_stopping=False
smooth=True
