Arch=FF
num_layers=3
sizeof_layers=320
batch_norm=True
Ext=-c
kl_anneal=3.1365208800915165
rho_q=2.4334365619218254
rho_op=1.8780240633705532
prior_scale=9.660117323587503
sizeof_bnn=8
Batch_Size=84
Epochs=239
Gamma=0
country=us
early_stopping=False
smooth=True
