Arch=FF
num_layers=1
sizeof_layers=131
batch_norm=True
Ext=-c
kl_anneal=2.4572579201518834
rho_q=4.634489890229842
rho_op=8.843414919781498
prior_scale=2.7008469883141184
sizeof_bnn=15
Batch_Size=87
Epochs=60
Gamma=0
country=us
early_stopping=False
smooth=True
