Arch=FF
num_layers=3
sizeof_layers=278
batch_norm=True
Ext=-c
kl_anneal=2.5050816443650015
rho_q=2.802515264212989
rho_op=5.458368375776431
prior_scale=1.0021808463818276
sizeof_bnn=54
Batch_Size=56
Epochs=311
Gamma=14
country=us
early_stopping=False
smooth=True
