Arch=FF
num_layers=2
sizeof_layers=391
batch_norm=True
Ext=-c
kl_anneal=0.5791568310295718
rho_q=2.6476057441706935
rho_op=9.354231624677464
prior_scale=6.799824275962342
sizeof_bnn=10
Batch_Size=107
Epochs=319
Gamma=0
country=us
early_stopping=False
smooth=True
