Arch=FF
num_layers=3
sizeof_layers=168
batch_norm=True
Ext=-c
kl_anneal=3.636014965653419
rho_q=9.251628957263632
rho_op=7.222994918161168
prior_scale=8.04653651695931
sizeof_bnn=8
Batch_Size=30
Epochs=170
Gamma=14
country=us
early_stopping=False
smooth=True
