Arch=FF
num_layers=3
sizeof_layers=501
batch_norm=True
Ext=-c
kl_anneal=4.848904962420716
rho_q=9.198632057593022
rho_op=5.230545854492207
prior_scale=0.6273172651687672
sizeof_bnn=96
Batch_Size=53
Epochs=159
Gamma=0
country=us
early_stopping=False
smooth=True
