Arch=FF
num_layers=3
sizeof_layers=429
batch_norm=True
Ext=-c
kl_anneal=3.654173195910207
rho_q=8.516485741650294
rho_op=0.15788100293128213
prior_scale=6.884027218741634
sizeof_bnn=68
Batch_Size=52
Epochs=382
Gamma=0
country=us
early_stopping=False
smooth=True
