Arch=FF
num_layers=1
sizeof_layers=197
batch_norm=True
Ext=-c
kl_anneal=1.6471469792932556
rho_q=7.459284956114956
rho_op=0.9116021928284623
prior_scale=9.303919484145567
sizeof_bnn=7
Batch_Size=82
Epochs=138
Gamma=0
country=us
early_stopping=False
smooth=True
