Arch=FF
num_layers=2
sizeof_layers=263
batch_norm=True
Ext=-c
kl_anneal=1.181897938558963
rho_q=5.000683880251307
rho_op=8.396403460565933
prior_scale=0.4914146939618562
sizeof_bnn=59
Batch_Size=89
Epochs=64
Gamma=0
country=us
early_stopping=False
smooth=True
