Arch=FF
num_layers=1
sizeof_layers=444
batch_norm=True
Ext=-c
kl_anneal=1.922441160491252
rho_q=2.715671245061011
rho_op=5.561270150323507
prior_scale=5.593855522343463
sizeof_bnn=50
Batch_Size=57
Epochs=380
Gamma=0
country=us
early_stopping=False
smooth=True
