Arch=FF
num_layers=1
sizeof_layers=236
batch_norm=True
Ext=-c
kl_anneal=3.9309689103378616
rho_q=4.059895188233563
rho_op=6.215995862214863
prior_scale=2.385544474070948
sizeof_bnn=34
Batch_Size=18
Epochs=115
Gamma=0
country=us
early_stopping=False
smooth=True
