Arch=FF
num_layers=1
sizeof_layers=263
batch_norm=True
Ext=-c
kl_anneal=4.969734824391825
rho_q=8.826292115587686
rho_op=6.048709733015753
prior_scale=0.011495492928210171
sizeof_bnn=2
Batch_Size=64
Epochs=100
Gamma=0
country=us
early_stopping=False
smooth=True
