Arch=FF
num_layers=1
sizeof_layers=414
batch_norm=True
Ext=-c
kl_anneal=1.4843213285150176
rho_q=7.743377226379427
rho_op=2.4978122503624474
prior_scale=0.01
sizeof_bnn=23
Batch_Size=73
Epochs=433
Gamma=0
country=us
early_stopping=False
smooth=True
