Arch=FF
num_layers=3
sizeof_layers=233
batch_norm=True
Ext=-c
kl_anneal=4.926843167808779
rho_q=3.872946998159879
rho_op=2.0875023143317617
prior_scale=8.49357153380883
sizeof_bnn=10
Batch_Size=46
Epochs=104
Gamma=0
country=us
early_stopping=False
smooth=True
