Arch=FF
num_layers=3
sizeof_layers=276
batch_norm=True
Ext=-c
kl_anneal=2.741665082076695
rho_q=2.571083330012753
rho_op=4.581374248775987
prior_scale=6.24918366203133
sizeof_bnn=7
Batch_Size=122
Epochs=327
Gamma=0
country=us
early_stopping=False
smooth=True
