Arch=FF
num_layers=1
sizeof_layers=232
batch_norm=True
Ext=-c
kl_anneal=4.346341562765352
rho_q=7.454271238096421
rho_op=9.794392986079766
prior_scale=8.418732307230096
sizeof_bnn=8
Batch_Size=53
Epochs=202
Gamma=0
country=us
early_stopping=False
smooth=True
