Arch=FF
num_layers=3
sizeof_layers=371
batch_norm=True
Ext=-c
kl_anneal=4.678070814956781
rho_q=7.32109238122548
rho_op=0.9310807528202893
prior_scale=9.287958786490144
sizeof_bnn=3
Batch_Size=116
Epochs=276
Gamma=0
country=us
early_stopping=False
smooth=True
