Arch=FF
num_layers=3
sizeof_layers=448
batch_norm=True
Ext=-c
kl_anneal=2.7041424998162973
rho_q=7.533710563083033
rho_op=2.1339385591404083
prior_scale=0.5269474118025519
sizeof_bnn=3
Batch_Size=37
Epochs=440
Gamma=0
country=us
early_stopping=False
smooth=True
