Arch=FF
num_layers=1
sizeof_layers=325
batch_norm=True
Ext=-c
kl_anneal=2.846306523053733
rho_q=1.4777713316547973
rho_op=6.36462450725609
prior_scale=4.0042841326169025
sizeof_bnn=14
Batch_Size=86
Epochs=389
Gamma=0
country=us
early_stopping=False
smooth=True
