Arch=FF
num_layers=1
sizeof_layers=240
batch_norm=True
Ext=-c
kl_anneal=0.40608057205151543
rho_q=3.3992992115061877
rho_op=0.1
prior_scale=3.3443341357666045
sizeof_bnn=14
Batch_Size=17
Epochs=113
Gamma=0
country=us
early_stopping=False
smooth=True
