Arch=FF
num_layers=2
sizeof_layers=201
batch_norm=True
Ext=-c
kl_anneal=2.0951895149197597
rho_q=2.1343846785987246
rho_op=1.6434991179991227
prior_scale=0.6407790854656935
sizeof_bnn=34
Batch_Size=55
Epochs=454
Gamma=0
country=us
early_stopping=False
smooth=True
