Arch=FF
num_layers=2
sizeof_layers=327
batch_norm=True
Ext=-c
kl_anneal=0.45088770744403806
rho_q=8.744436043682057
rho_op=7.481965411430913
prior_scale=6.598145628680682
sizeof_bnn=64
Batch_Size=66
Epochs=155
Gamma=0
country=us
early_stopping=False
smooth=True
