Arch=FF
num_layers=2
sizeof_layers=219
batch_norm=True
Ext=-c
kl_anneal=2.6807763221754377
rho_q=6.058928153502127
rho_op=5.894011204334819
prior_scale=6.170582284090495
sizeof_bnn=11
Batch_Size=20
Epochs=106
Gamma=0
country=us
early_stopping=False
smooth=True
