Arch=FF
num_layers=3
sizeof_layers=374
batch_norm=True
Ext=-c
kl_anneal=3.813780371586951
rho_q=7.369557109497381
rho_op=2.023581435970441
prior_scale=8.707296673621867
sizeof_bnn=15
Batch_Size=116
Epochs=296
Gamma=0
country=us
early_stopping=False
smooth=True
