Arch=FF
num_layers=1
sizeof_layers=62
batch_norm=True
Ext=-c
kl_anneal=0.4482436254425324
rho_q=8.843357966352288
rho_op=4.728240415296434
prior_scale=0.03566489682921802
sizeof_bnn=3
Batch_Size=92
Epochs=132
Gamma=0
country=us
early_stopping=False
smooth=True
