Arch=FF
num_layers=1
sizeof_layers=331
batch_norm=True
Ext=-c
kl_anneal=4.087186265817995
rho_q=9.316521067153015
rho_op=0.1
prior_scale=6.101207828626555
sizeof_bnn=33
Batch_Size=100
Epochs=339
Gamma=0
country=us
early_stopping=False
smooth=True
