Arch=FF
num_layers=1
sizeof_layers=258
batch_norm=True
Ext=-c
kl_anneal=4.630099330680262
rho_q=7.172352601573917
rho_op=1.7254686633894856
prior_scale=8.15448039576631
sizeof_bnn=30
Batch_Size=20
Epochs=106
Gamma=0
country=us
early_stopping=False
smooth=True
