Arch=FF
num_layers=1
sizeof_layers=87
batch_norm=True
Ext=-c
kl_anneal=3.5426116225451563
rho_q=9.740093576108729
rho_op=1.905234648518044
prior_scale=4.625369049427373
sizeof_bnn=85
Batch_Size=64
Epochs=100
Gamma=0
country=us
early_stopping=False
smooth=True
