Arch=FF
num_layers=2
sizeof_layers=234
batch_norm=True
Ext=-c
kl_anneal=1.1559698279586599
rho_q=3.062901101867527
rho_op=5.902797562660033
prior_scale=1.7773192472098658
sizeof_bnn=9
Batch_Size=60
Epochs=193
Gamma=0
country=us
early_stopping=False
smooth=True
