Arch=FF
num_layers=2
sizeof_layers=98
batch_norm=True
Ext=-c
kl_anneal=3.4387401626377967
rho_q=7.546523730239239
rho_op=5.290290060078626
prior_scale=4.773105536718636
sizeof_bnn=22
Batch_Size=115
Epochs=106
Gamma=0
country=us
early_stopping=False
smooth=True
