Arch=FF
num_layers=3
sizeof_layers=96
batch_norm=True
Ext=-c
kl_anneal=1.7858569334149843
rho_q=6.893585910531827
rho_op=4.664183575832065
prior_scale=8.019996340422416
sizeof_bnn=12
Batch_Size=106
Epochs=88
Gamma=0
country=us
early_stopping=False
smooth=True
