Arch=FF
num_layers=3
sizeof_layers=246
batch_norm=True
Ext=-c
kl_anneal=0.31148743981822974
rho_q=2.9079474065980504
rho_op=2.3001664230932137
prior_scale=9.281812540031252
sizeof_bnn=14
Batch_Size=43
Epochs=86
Gamma=0
country=us
early_stopping=False
smooth=True
