Arch=FF
num_layers=1
sizeof_layers=476
batch_norm=True
Ext=-c
kl_anneal=2.9654885211830666
rho_q=2.7459694660952856
rho_op=5.179363946699744
prior_scale=4.599627904505384
sizeof_bnn=111
Batch_Size=122
Epochs=387
Gamma=14
country=us
early_stopping=False
smooth=True
