Arch=FF
num_layers=2
sizeof_layers=347
batch_norm=True
Ext=-c
kl_anneal=4.905493969132446
rho_q=3.3456793736178407
rho_op=7.433637139261395
prior_scale=2.484591831454367
sizeof_bnn=42
Batch_Size=57
Epochs=82
Gamma=0
country=us
early_stopping=False
smooth=True
