Arch=FF
num_layers=3
sizeof_layers=100
batch_norm=True
Ext=-c
kl_anneal=2.48032713167868
rho_q=0.18103109983203414
rho_op=4.535359026494453
prior_scale=5.665320360220258
sizeof_bnn=30
Batch_Size=114
Epochs=98
Gamma=0
country=us
early_stopping=False
smooth=True
