Arch=FF
num_layers=1
sizeof_layers=195
batch_norm=True
Ext=-c
kl_anneal=3.998388186954815
rho_q=6.11450828071233
rho_op=6.287234615844824
prior_scale=6.483225670855765
sizeof_bnn=4
Batch_Size=80
Epochs=134
Gamma=0
country=us
early_stopping=False
smooth=True
