Arch=FF
num_layers=3
sizeof_layers=79
batch_norm=True
Ext=-c
kl_anneal=0.7838980285693073
rho_q=4.508325761076355
rho_op=8.100019380092236
prior_scale=3.6232126884252076
sizeof_bnn=15
Batch_Size=93
Epochs=142
Gamma=0
country=us
early_stopping=False
smooth=True
