Arch=FF
num_layers=2
sizeof_layers=455
batch_norm=True
Ext=-c
kl_anneal=0.5517256523012811
rho_q=4.16822052235147
rho_op=5.669608365040823
prior_scale=1.1760244897268912
sizeof_bnn=55
Batch_Size=5
Epochs=295
Gamma=14
country=us
early_stopping=False
smooth=True
