Arch=FF
num_layers=3
sizeof_layers=87
batch_norm=True
Ext=-c
kl_anneal=2.024334997953671
rho_q=0.2020828522178233
rho_op=1.423398188565506
prior_scale=2.467003029320728
sizeof_bnn=20
Batch_Size=110
Epochs=107
Gamma=0
country=us
early_stopping=False
smooth=True
