Arch=FF
num_layers=3
sizeof_layers=212
batch_norm=True
Ext=-c
kl_anneal=0.42032464805896086
rho_q=8.65385646630123
rho_op=8.243688200606966
prior_scale=4.723620761566394
sizeof_bnn=12
Batch_Size=36
Epochs=95
Gamma=0
country=us
early_stopping=False
smooth=True
