Arch=FF
num_layers=1
sizeof_layers=140
batch_norm=True
Ext=-c
kl_anneal=4.858903885059481
rho_q=2.5393630519701627
rho_op=1.7745447192825716
prior_scale=5.153530089923081
sizeof_bnn=8
Batch_Size=16
Epochs=149
Gamma=0
country=us
early_stopping=False
smooth=True
