Arch=FF
num_layers=2
sizeof_layers=213
batch_norm=True
Ext=-c
kl_anneal=3.7837588290895354
rho_q=5.409510702405012
rho_op=9.736202458280651
prior_scale=5.163487099132075
sizeof_bnn=20
Batch_Size=19
Epochs=109
Gamma=0
country=us
early_stopping=False
smooth=True
