Arch=FF
num_layers=2
sizeof_layers=116
batch_norm=True
Ext=-c
kl_anneal=0.3189975923994536
rho_q=9.061566130188663
rho_op=1.1021904545529062
prior_scale=2.8366920535858493
sizeof_bnn=8
Batch_Size=104
Epochs=109
Gamma=0
country=us
early_stopping=False
smooth=True
