Arch=FF
num_layers=2
sizeof_layers=296
batch_norm=True
Ext=-c
kl_anneal=2.3651126904101436
rho_q=4.494882576484074
rho_op=3.869437382893589
prior_scale=7.212469728026164
sizeof_bnn=3
Batch_Size=69
Epochs=228
Gamma=0
country=us
early_stopping=False
smooth=True
