Arch=FF
num_layers=2
sizeof_layers=317
batch_norm=True
Ext=-c
kl_anneal=1.1456897470123553
rho_q=6.517907046769226
rho_op=4.67590279619067
prior_scale=5.696209013829355
sizeof_bnn=15
Batch_Size=78
Epochs=373
Gamma=0
country=us
early_stopping=False
smooth=True
