Arch=FF
num_layers=2
sizeof_layers=277
batch_norm=True
Ext=-c
kl_anneal=3.137494286971208
rho_q=8.808767190420294
rho_op=7.138762004385039
prior_scale=7.063962629810928
sizeof_bnn=53
Batch_Size=79
Epochs=388
Gamma=0
country=us
early_stopping=False
smooth=True
