Arch=FF
num_layers=3
sizeof_layers=235
batch_norm=True
Ext=-c
kl_anneal=2.4786900730829187
rho_q=5.738402810527877
rho_op=0.8345706126341538
prior_scale=6.202109342109629
sizeof_bnn=28
Batch_Size=49
Epochs=263
Gamma=14
country=us
early_stopping=False
smooth=True
