Arch=FF
num_layers=2
sizeof_layers=376
batch_norm=True
Ext=-c
kl_anneal=3.204411850416847
rho_q=8.16548589560259
rho_op=6.621136613398422
prior_scale=3.8647604707629344
sizeof_bnn=11
Batch_Size=113
Epochs=309
Gamma=0
country=us
early_stopping=False
smooth=True
