Arch=FF
num_layers=1
sizeof_layers=218
batch_norm=True
Ext=-c
kl_anneal=4.64764369601147
rho_q=2.149333518644266
rho_op=4.394155405237789
prior_scale=5.539082439720849
sizeof_bnn=20
Batch_Size=58
Epochs=205
Gamma=0
country=us
early_stopping=False
smooth=True
