Arch=FF
num_layers=1
sizeof_layers=239
batch_norm=True
Ext=-c
kl_anneal=1.0764794355942264
rho_q=0.28649154546118905
rho_op=6.857296771528229
prior_scale=4.088765680625641
sizeof_bnn=37
Batch_Size=21
Epochs=116
Gamma=0
country=us
early_stopping=False
smooth=True
