Arch=FF
num_layers=2
sizeof_layers=279
batch_norm=True
Ext=-c
kl_anneal=3.243427143448814
rho_q=1.960702732223523
rho_op=5.753575152462383
prior_scale=8.067675974062167
sizeof_bnn=124
Batch_Size=82
Epochs=273
Gamma=0
country=us
early_stopping=False
smooth=True
