Arch=FF
num_layers=2
sizeof_layers=87
batch_norm=True
Ext=-c
kl_anneal=0.3276205071137309
rho_q=1.8782944808490245
rho_op=5.475084706998439
prior_scale=5.045047437456864
sizeof_bnn=20
Batch_Size=117
Epochs=110
Gamma=0
country=us
early_stopping=False
smooth=True
