Arch=FF
num_layers=1
sizeof_layers=360
batch_norm=True
Ext=-c
kl_anneal=1.3080242980922345
rho_q=8.266530656587149
rho_op=9.329565413033528
prior_scale=4.659224414701974
sizeof_bnn=14
Batch_Size=87
Epochs=295
Gamma=0
country=us
early_stopping=False
smooth=True
