Arch=FF
num_layers=3
sizeof_layers=204
batch_norm=True
Ext=-c
kl_anneal=3.5700420172438734
rho_q=2.7066712828129584
rho_op=6.848579898361748
prior_scale=1.1807966808418748
sizeof_bnn=49
Batch_Size=53
Epochs=453
Gamma=0
country=us
early_stopping=False
smooth=True
