Arch=FF
num_layers=3
sizeof_layers=211
batch_norm=True
Ext=-c
kl_anneal=4.725271135340502
rho_q=3.6174073458354714
rho_op=9.946173404843554
prior_scale=4.263800674034389
sizeof_bnn=10
Batch_Size=21
Epochs=117
Gamma=0
country=us
early_stopping=False
smooth=True
