Arch=FF
num_layers=2
sizeof_layers=220
batch_norm=True
Ext=-c
kl_anneal=3.5870003529785617
rho_q=1.7364591088775694
rho_op=2.4994161332496128
prior_scale=7.001852511886907
sizeof_bnn=15
Batch_Size=11
Epochs=83
Gamma=0
country=us
early_stopping=False
smooth=True
