Arch=FF
num_layers=1
sizeof_layers=209
batch_norm=True
Ext=-c
kl_anneal=1.219962005154949
rho_q=0.25599010247361054
rho_op=4.986297815798102
prior_scale=1.0735764108325374
sizeof_bnn=4
Batch_Size=65
Epochs=105
Gamma=0
country=us
early_stopping=False
smooth=True
