Arch=FF
num_layers=3
sizeof_layers=99
batch_norm=True
Ext=-c
kl_anneal=1.5357427481469574
rho_q=8.268675651055242
rho_op=9.876281009506458
prior_scale=5.081004107083598
sizeof_bnn=21
Batch_Size=124
Epochs=100
Gamma=0
country=us
early_stopping=False
smooth=True
