Arch=FF
num_layers=3
sizeof_layers=244
batch_norm=True
Ext=-c
kl_anneal=4.264478866234775
rho_q=9.293608804065265
rho_op=5.8549362436345405
prior_scale=7.209345341606964
sizeof_bnn=12
Batch_Size=40
Epochs=99
Gamma=0
country=us
early_stopping=False
smooth=True
