Arch=FF
num_layers=2
sizeof_layers=199
batch_norm=True
Ext=-c
kl_anneal=4.701473265939256
rho_q=3.7640863351826988
rho_op=3.2617848509638057
prior_scale=3.975957066272953
sizeof_bnn=72
Batch_Size=113
Epochs=469
Gamma=14
country=us
early_stopping=False
smooth=True
