Arch=FF
num_layers=3
sizeof_layers=319
batch_norm=True
Ext=-c
kl_anneal=2.8851331159365836
rho_q=9.371441351683822
rho_op=0.7359511047222642
prior_scale=4.180674239575389
sizeof_bnn=11
Batch_Size=124
Epochs=232
Gamma=0
country=us
early_stopping=False
smooth=True
