Arch=FF
num_layers=2
sizeof_layers=199
batch_norm=True
Ext=-c
kl_anneal=0.9279636401963571
rho_q=7.564864670025761
rho_op=7.3702660739354595
prior_scale=2.7475131786536817
sizeof_bnn=15
Batch_Size=73
Epochs=143
Gamma=0
country=us
early_stopping=False
smooth=True
