Arch=FF
num_layers=3
sizeof_layers=315
batch_norm=True
Ext=-c
kl_anneal=1.0922771815832082
rho_q=4.512114807204033
rho_op=7.479099062877437
prior_scale=0.7949413828777384
sizeof_bnn=22
Batch_Size=122
Epochs=223
Gamma=0
country=us
early_stopping=False
smooth=True
