Arch=FF
num_layers=1
sizeof_layers=204
batch_norm=True
Ext=-c
kl_anneal=1.5525272057291224
rho_q=2.0886483372414912
rho_op=4.882700536749355
prior_scale=7.999317559114987
sizeof_bnn=8
Batch_Size=23
Epochs=113
Gamma=0
country=us
early_stopping=False
smooth=True
