Arch=FF
num_layers=2
sizeof_layers=275
batch_norm=True
Ext=-c
kl_anneal=1.5232841063372222
rho_q=4.467627057593838
rho_op=6.12080535363202
prior_scale=6.288343212791044
sizeof_bnn=36
Batch_Size=84
Epochs=307
Gamma=0
country=us
early_stopping=False
smooth=True
