Arch=FF
num_layers=3
sizeof_layers=291
batch_norm=True
Ext=-c
kl_anneal=0.19887522577654193
rho_q=9.629004397502948
rho_op=1.11004839111199
prior_scale=1.6037559054246597
sizeof_bnn=15
Batch_Size=85
Epochs=299
Gamma=14
country=us
early_stopping=False
smooth=True
