Arch=FF
num_layers=1
sizeof_layers=377
batch_norm=True
Ext=-c
kl_anneal=0.10854161733254965
rho_q=7.809220911677182
rho_op=0.7219419411751451
prior_scale=6.6288018349252384
sizeof_bnn=6
Batch_Size=119
Epochs=310
Gamma=0
country=us
early_stopping=False
smooth=True
