Arch=FF
num_layers=3
sizeof_layers=244
batch_norm=True
Ext=-c
kl_anneal=4.187352154465339
rho_q=2.5452556306554004
rho_op=9.303567502308193
prior_scale=7.293115091291665
sizeof_bnn=12
Batch_Size=69
Epochs=217
Gamma=0
country=us
early_stopping=False
smooth=True
