Arch=FF
num_layers=3
sizeof_layers=107
batch_norm=True
Ext=-c
kl_anneal=4.014757417303029
rho_q=9.203082142420428
rho_op=4.408692713484997
prior_scale=4.778234375807503
sizeof_bnn=2
Batch_Size=49
Epochs=414
Gamma=14
country=us
early_stopping=False
smooth=True
