Arch=FF
num_layers=3
sizeof_layers=298
batch_norm=True
Ext=-c
kl_anneal=4.0918168012197045
rho_q=3.651823743209839
rho_op=1.6357819962271478
prior_scale=9.671329914401703
sizeof_bnn=12
Batch_Size=75
Epochs=238
Gamma=0
country=us
early_stopping=False
smooth=True
