Arch=FF
num_layers=1
sizeof_layers=99
batch_norm=True
Ext=-c
kl_anneal=2.823100013955214
rho_q=8.935560595336652
rho_op=3.683948835943376
prior_scale=5.9358875683617836
sizeof_bnn=10
Batch_Size=106
Epochs=101
Gamma=0
country=us
early_stopping=False
smooth=True
