Arch=FF
num_layers=1
sizeof_layers=281
batch_norm=True
Ext=-c
kl_anneal=1.3455059468342498
rho_q=8.237695270998143
rho_op=8.122857793135848
prior_scale=4.047104777335649
sizeof_bnn=25
Batch_Size=5
Epochs=356
Gamma=0
country=us
early_stopping=False
smooth=True
