Arch=FF
num_layers=1
sizeof_layers=364
batch_norm=True
Ext=-c
kl_anneal=2.6207581252191225
rho_q=9.0883025597795
rho_op=0.34782644913591454
prior_scale=0.08320212389007374
sizeof_bnn=25
Batch_Size=103
Epochs=281
Gamma=0
country=us
early_stopping=False
smooth=True
