Arch=FF
num_layers=3
sizeof_layers=230
batch_norm=True
Ext=-c
kl_anneal=3.568138953261276
rho_q=4.987830448610184
rho_op=4.873933131059207
prior_scale=9.381441374483872
sizeof_bnn=8
Batch_Size=61
Epochs=205
Gamma=0
country=us
early_stopping=False
smooth=True
