Arch=FF
num_layers=3
sizeof_layers=352
batch_norm=True
Ext=-c
kl_anneal=3.244604008831009
rho_q=9.52269183053328
rho_op=2.7592947634813196
prior_scale=3.037291509687347
sizeof_bnn=53
Batch_Size=64
Epochs=77
Gamma=0
country=us
early_stopping=False
smooth=True
