Arch=FF
num_layers=1
sizeof_layers=271
batch_norm=True
Ext=-c
kl_anneal=2.609548996019036
rho_q=2.228190804961261
rho_op=8.03741483876971
prior_scale=9.728737744030292
sizeof_bnn=3
Batch_Size=64
Epochs=100
Gamma=0
country=us
early_stopping=False
smooth=True
