Arch=FF
num_layers=1
sizeof_layers=217
batch_norm=True
Ext=-c
kl_anneal=2.0501924716433213
rho_q=7.390028135372008
rho_op=3.4119517689929153
prior_scale=0.014532603169832264
sizeof_bnn=6
Batch_Size=33
Epochs=94
Gamma=0
country=us
early_stopping=False
smooth=True
