Arch=FF
num_layers=2
sizeof_layers=286
batch_norm=True
Ext=-c
kl_anneal=2.5680587267593618
rho_q=0.8026675153439142
rho_op=4.6980233895981405
prior_scale=7.632429455518186
sizeof_bnn=101
Batch_Size=32
Epochs=104
Gamma=0
country=us
early_stopping=False
smooth=True
