Arch=FF
num_layers=1
sizeof_layers=322
batch_norm=True
Ext=-c
kl_anneal=4.696449593600605
rho_q=7.033931677635849
rho_op=3.2255467132904037
prior_scale=7.305484131773992
sizeof_bnn=118
Batch_Size=122
Epochs=499
Gamma=0
country=us
early_stopping=False
smooth=True
