Arch=FF
num_layers=3
sizeof_layers=200
batch_norm=True
Ext=-c
kl_anneal=4.362574396663593
rho_q=7.352172957141148
rho_op=3.9826761622248448
prior_scale=0.43345746671195123
sizeof_bnn=30
Batch_Size=22
Epochs=222
Gamma=14
country=us
early_stopping=False
smooth=True
