Arch=FF
num_layers=1
sizeof_layers=301
batch_norm=True
Ext=-c
kl_anneal=1.0994287110744692
rho_q=1.2047428855601305
rho_op=9.42319209263222
prior_scale=9.631241388827979
sizeof_bnn=10
Batch_Size=71
Epochs=236
Gamma=0
country=us
early_stopping=False
smooth=True
