Arch=FF
num_layers=2
sizeof_layers=209
batch_norm=True
Ext=-c
kl_anneal=1.9123358575759661
rho_q=4.960514669028246
rho_op=3.8233751949047123
prior_scale=7.594949352856933
sizeof_bnn=2
Batch_Size=74
Epochs=150
Gamma=0
country=us
early_stopping=False
smooth=True
