Arch=FF
num_layers=3
sizeof_layers=235
batch_norm=True
Ext=-c
kl_anneal=3.704189437947222
rho_q=5.506949161387585
rho_op=7.63286249214953
prior_scale=3.9470585101595925
sizeof_bnn=27
Batch_Size=62
Epochs=88
Gamma=0
country=us
early_stopping=False
smooth=True
