Arch=FF
num_layers=2
sizeof_layers=383
batch_norm=True
Ext=-c
kl_anneal=4.304791042883636
rho_q=10.0
rho_op=6.2856352267928095
prior_scale=3.301083153536479
sizeof_bnn=8
Batch_Size=84
Epochs=271
Gamma=0
country=us
early_stopping=False
smooth=True
