Arch=FF
num_layers=2
sizeof_layers=231
batch_norm=True
Ext=-c
kl_anneal=4.168919135228697
rho_q=2.2802174383991733
rho_op=7.640321353856119
prior_scale=1.3935546794357054
sizeof_bnn=8
Batch_Size=57
Epochs=197
Gamma=0
country=us
early_stopping=False
smooth=True
