Arch=FF
num_layers=3
sizeof_layers=315
batch_norm=True
Ext=-c
kl_anneal=1.1538526142004346
rho_q=9.453013376660476
rho_op=9.70950133372613
prior_scale=1.149232121769917
sizeof_bnn=9
Batch_Size=67
Epochs=231
Gamma=0
country=us
early_stopping=False
smooth=True
