Arch=FF
num_layers=3
sizeof_layers=165
batch_norm=True
Ext=-c
kl_anneal=1.3303987547342542
rho_q=3.5610116556045432
rho_op=0.5593924725201407
prior_scale=0.42009475354545256
sizeof_bnn=83
Batch_Size=52
Epochs=268
Gamma=0
country=us
early_stopping=False
smooth=True
