Arch=FF
num_layers=2
sizeof_layers=62
batch_norm=True
Ext=-c
kl_anneal=4.4064652073646435
rho_q=5.771833343795896
rho_op=8.138761487654973
prior_scale=8.289222534963018
sizeof_bnn=12
Batch_Size=125
Epochs=114
Gamma=0
country=us
early_stopping=False
smooth=True
