Arch=FF
num_layers=2
sizeof_layers=87
batch_norm=True
Ext=-c
kl_anneal=0.7305412298948917
rho_q=7.990451279294272
rho_op=2.89059715396456
prior_scale=5.017168941492406
sizeof_bnn=21
Batch_Size=115
Epochs=122
Gamma=0
country=us
early_stopping=False
smooth=True
