Arch=FF
num_layers=3
sizeof_layers=205
batch_norm=True
Ext=-c
kl_anneal=4.281573133918202
rho_q=2.8221631070960704
rho_op=1.8919189493704034
prior_scale=8.113777275499306
sizeof_bnn=8
Batch_Size=83
Epochs=107
Gamma=0
country=us
early_stopping=False
smooth=True
