Arch=FF
num_layers=3
sizeof_layers=77
batch_norm=True
Ext=-c
kl_anneal=1.161929997847436
rho_q=8.381633131297367
rho_op=6.569626342365297
prior_scale=8.977855130862315
sizeof_bnn=12
Batch_Size=90
Epochs=138
Gamma=0
country=us
early_stopping=False
smooth=True
