Arch=FF
num_layers=1
sizeof_layers=288
batch_norm=True
Ext=-c
kl_anneal=1.2711438633603958
rho_q=5.339878146553739
rho_op=5.913197308853905
prior_scale=9.170605593895374
sizeof_bnn=36
Batch_Size=75
Epochs=310
Gamma=0
country=us
early_stopping=False
smooth=True
