Arch=FF
num_layers=1
sizeof_layers=343
batch_norm=True
Ext=-c
kl_anneal=1.6661767757389183
rho_q=3.90245586575889
rho_op=8.86353908084085
prior_scale=4.417378583273021
sizeof_bnn=63
Batch_Size=80
Epochs=75
Gamma=0
country=us
early_stopping=False
smooth=True
