Arch=FF
num_layers=3
sizeof_layers=261
batch_norm=True
Ext=-c
kl_anneal=3.7243842093344814
rho_q=1.6166557680381382
rho_op=4.870429487274155
prior_scale=5.965549772346087
sizeof_bnn=17
Batch_Size=21
Epochs=264
Gamma=0
country=us
early_stopping=False
smooth=True
