Arch=FF
num_layers=1
sizeof_layers=250
batch_norm=True
Ext=-c
kl_anneal=0.6400358500396398
rho_q=2.431695005579219
rho_op=9.722459407116972
prior_scale=0.7672263569907676
sizeof_bnn=12
Batch_Size=39
Epochs=93
Gamma=0
country=us
early_stopping=False
smooth=True
