Arch=FF
num_layers=1
sizeof_layers=48
batch_norm=True
Ext=-c
kl_anneal=4.965806702370452
rho_q=2.6309673011842074
rho_op=6.268498440533472
prior_scale=1.21194273872706
sizeof_bnn=12
Batch_Size=109
Epochs=115
Gamma=0
country=us
early_stopping=False
smooth=True
