Arch=FF
num_layers=2
sizeof_layers=379
batch_norm=True
Ext=-c
kl_anneal=4.211843941062913
rho_q=2.6287264720200896
rho_op=8.779833738141
prior_scale=8.705832850126145
sizeof_bnn=19
Batch_Size=96
Epochs=273
Gamma=0
country=us
early_stopping=False
smooth=True
