Arch=FF
num_layers=3
sizeof_layers=505
batch_norm=True
Ext=-c
kl_anneal=3.52162120066682
rho_q=2.952360388274264
rho_op=5.196606532464498
prior_scale=0.27642239802030494
sizeof_bnn=90
Batch_Size=81
Epochs=159
Gamma=0
country=us
early_stopping=False
smooth=True
