Arch=FF
num_layers=3
sizeof_layers=330
batch_norm=True
Ext=-c
kl_anneal=2.3051670871037366
rho_q=8.034692299761131
rho_op=4.601706222561378
prior_scale=5.082874482617819
sizeof_bnn=33
Batch_Size=87
Epochs=316
Gamma=0
country=us
early_stopping=False
smooth=True
