Arch=FF
num_layers=1
sizeof_layers=362
batch_norm=True
Ext=-c
kl_anneal=4.4000960022884
rho_q=2.613298790984185
rho_op=0.30167870288283705
prior_scale=0.6874490367132908
sizeof_bnn=23
Batch_Size=120
Epochs=303
Gamma=0
country=us
early_stopping=False
smooth=True
