Arch=FF
num_layers=1
sizeof_layers=187
batch_norm=True
Ext=-c
kl_anneal=4.892427097659765
rho_q=7.098868360173746
rho_op=4.005849737891372
prior_scale=3.2169325412279
sizeof_bnn=19
Batch_Size=42
Epochs=235
Gamma=0
country=us
early_stopping=False
smooth=True
