Arch=FF
num_layers=1
sizeof_layers=416
batch_norm=True
Ext=-c
kl_anneal=5.0
rho_q=7.769014253901088
rho_op=4.697465466452833
prior_scale=6.9707905752941794
sizeof_bnn=2
Batch_Size=50
Epochs=429
Gamma=0
country=us
early_stopping=False
smooth=True
