Arch=FF
num_layers=3
sizeof_layers=368
batch_norm=True
Ext=-c
kl_anneal=0.37413893565862044
rho_q=7.480500390924445
rho_op=4.940749479044897
prior_scale=6.412987592995438
sizeof_bnn=13
Batch_Size=100
Epochs=290
Gamma=0
country=us
early_stopping=False
smooth=True
