Arch=FF
num_layers=2
sizeof_layers=206
batch_norm=True
Ext=-c
kl_anneal=2.637149516527841
rho_q=7.199571120570471
rho_op=3.947271136188724
prior_scale=2.739581884384252
sizeof_bnn=12
Batch_Size=83
Epochs=144
Gamma=0
country=us
early_stopping=False
smooth=True
