Arch=FF
num_layers=2
sizeof_layers=270
batch_norm=True
Ext=-c
kl_anneal=4.421394729135118
rho_q=7.455702732353292
rho_op=1.2190810772740825
prior_scale=7.801474633466727
sizeof_bnn=29
Batch_Size=27
Epochs=101
Gamma=0
country=us
early_stopping=False
smooth=True
