Arch=FF
num_layers=3
sizeof_layers=354
batch_norm=True
Ext=-c
kl_anneal=1.8759259606139893
rho_q=8.551796553963422
rho_op=8.01549723870335
prior_scale=0.6631469123547791
sizeof_bnn=30
Batch_Size=65
Epochs=55
Gamma=0
country=us
early_stopping=False
smooth=True
