Arch=FF
num_layers=1
sizeof_layers=261
batch_norm=True
Ext=-c
kl_anneal=4.054868137994951
rho_q=6.341897424154552
rho_op=2.6115554045724716
prior_scale=3.723949352306536
sizeof_bnn=15
Batch_Size=17
Epochs=91
Gamma=14
country=us
early_stopping=False
smooth=True
