Arch=FF
num_layers=2
sizeof_layers=350
batch_norm=True
Ext=-c
kl_anneal=3.131893997360048
rho_q=2.106670757893113
rho_op=2.4790815123831083
prior_scale=5.419507645578326
sizeof_bnn=46
Batch_Size=43
Epochs=308
Gamma=0
country=us
early_stopping=False
smooth=True
