Arch=FF
num_layers=3
sizeof_layers=341
batch_norm=True
Ext=-c
kl_anneal=2.5662887910375245
rho_q=2.8627277739909713
rho_op=8.579386812535155
prior_scale=8.6662234202419
sizeof_bnn=9
Batch_Size=41
Epochs=299
Gamma=14
country=us
early_stopping=False
smooth=True
