Arch=FF
num_layers=1
sizeof_layers=355
batch_norm=True
Ext=-c
kl_anneal=2.9908099761093028
rho_q=2.539757342860914
rho_op=0.7864100921206186
prior_scale=6.995908071055557
sizeof_bnn=36
Batch_Size=75
Epochs=78
Gamma=0
country=us
early_stopping=False
smooth=True
