Arch=FF
num_layers=3
sizeof_layers=240
batch_norm=True
Ext=-c
kl_anneal=2.8655387409648716
rho_q=5.9932979638452295
rho_op=0.6004535475861433
prior_scale=5.561341820893564
sizeof_bnn=10
Batch_Size=26
Epochs=99
Gamma=0
country=us
early_stopping=False
smooth=True
