Arch=FF
num_layers=3
sizeof_layers=293
batch_norm=True
Ext=-c
kl_anneal=3.8190149354489646
rho_q=4.61847560555409
rho_op=3.642503498158418
prior_scale=8.378930611528308
sizeof_bnn=45
Batch_Size=70
Epochs=293
Gamma=0
country=us
early_stopping=False
smooth=True
