Arch=FF
num_layers=2
sizeof_layers=240
batch_norm=True
Ext=-c
kl_anneal=3.8487905988525877
rho_q=1.2178689401944616
rho_op=3.809834901316941
prior_scale=2.1033976727851633
sizeof_bnn=91
Batch_Size=51
Epochs=318
Gamma=14
country=us
early_stopping=False
smooth=True
