Arch=FF
num_layers=2
sizeof_layers=380
batch_norm=True
Ext=-c
kl_anneal=1.7697365964443923
rho_q=5.610869220320996
rho_op=4.158034740682794
prior_scale=8.490579524697278
sizeof_bnn=20
Batch_Size=120
Epochs=303
Gamma=0
country=us
early_stopping=False
smooth=True
