Arch=FF
num_layers=2
sizeof_layers=163
batch_norm=True
Ext=-c
kl_anneal=2.947293831136508
rho_q=4.460387878965613
rho_op=5.619721806147914
prior_scale=9.54077382116144
sizeof_bnn=27
Batch_Size=8
Epochs=115
Gamma=14
country=us
early_stopping=False
smooth=True
