Arch=FF
num_layers=1
sizeof_layers=418
batch_norm=True
Ext=-c
kl_anneal=0.37602395502819763
rho_q=9.48023979962357
rho_op=9.85019825729758
prior_scale=8.363331287067233
sizeof_bnn=67
Batch_Size=64
Epochs=100
Gamma=0
country=us
early_stopping=False
smooth=True
