Arch=FF
num_layers=3
sizeof_layers=461
batch_norm=True
Ext=-c
kl_anneal=3.1119248188029025
rho_q=1.0627697196910944
rho_op=1.404368097047872
prior_scale=3.648727616108091
sizeof_bnn=25
Batch_Size=26
Epochs=370
Gamma=0
country=us
early_stopping=False
smooth=True
