Arch=FF
num_layers=3
sizeof_layers=292
batch_norm=True
Ext=-c
kl_anneal=3.50435469731332
rho_q=4.6453327448308785
rho_op=9.690568996110073
prior_scale=6.123836261130345
sizeof_bnn=23
Batch_Size=73
Epochs=225
Gamma=0
country=us
early_stopping=False
smooth=True
