Arch=FF
num_layers=1
sizeof_layers=147
batch_norm=True
Ext=-c
kl_anneal=1.6911923028815858
rho_q=10.0
rho_op=5.720982962759145
prior_scale=4.8660514509657045
sizeof_bnn=18
Batch_Size=21
Epochs=54
Gamma=0
country=us
early_stopping=False
smooth=True
