Arch=FF
num_layers=1
sizeof_layers=299
batch_norm=True
Ext=-c
kl_anneal=0.8971541040472826
rho_q=2.2547390090608213
rho_op=9.765995599624125
prior_scale=2.8115128143875827
sizeof_bnn=8
Batch_Size=85
Epochs=301
Gamma=0
country=us
early_stopping=False
smooth=True
