Arch=FF
num_layers=2
sizeof_layers=47
batch_norm=True
Ext=-c
kl_anneal=0.9739361440258171
rho_q=7.188684890611638
rho_op=9.909765137299747
prior_scale=7.004766971454125
sizeof_bnn=55
Batch_Size=84
Epochs=72
Gamma=0
country=us
early_stopping=False
smooth=True
