Arch=FF
num_layers=3
sizeof_layers=383
batch_norm=True
Ext=-c
kl_anneal=0.34169355318712985
rho_q=2.331494059829213
rho_op=5.103141015742677
prior_scale=1.398695831411109
sizeof_bnn=23
Batch_Size=107
Epochs=300
Gamma=0
country=us
early_stopping=False
smooth=True
